18년,1,1,0,0,0,0,0,1,0,1,1,0,0
18놈,1,1,0,0,0,0,0,1,0,1,1,0,0
18새끼,1,1,0,1,0,0,0,1,0,1,1,0,0
ㄱㅐㅅㅐㄲl,1,1,0,1,0,0,0,0,1,0,1,0,0
ㄱㅐㅈㅏ,1,1,0,0,0,1,0,0,0,1,1,0,0
가슴만져,0,0,0,0,0,0,0,0,0,0,0,1,0
가슴빨아,0,0,0,1,0,0,0,0,0,0,0,1,0
가슴빨어,0,0,0,1,0,0,0,0,0,0,0,1,0
가슴조물락,0,0,0,0,0,0,0,0,0,0,0,1,0
가슴주물럭,0,0,0,0,0,0,0,0,0,0,1,1,0
가슴쪼물딱,0,0,0,1,0,0,0,0,0,0,0,1,0
가슴쪼물락,0,0,0,1,0,0,0,0,0,0,1,1,0
가슴핧아,0,0,0,0,0,0,0,0,0,0,0,1,0
가슴핧어,0,0,0,0,0,0,0,0,0,0,0,1,0
강간,0,0,0,0,0,0,0,0,0,0,0,1,0
개가튼년,1,1,0,0,1,0,0,0,0,0,1,0,1
개가튼뇬,1,1,0,0,1,0,0,0,0,0,1,0,0
개같은년,1,1,0,0,0,0,0,0,0,0,1,0,0
개걸레,1,0,0,0,1,0,0,0,0,0,0,1,0
개고치,1,0,0,0,1,0,0,0,0,1,1,0,0
개너미,1,1,0,0,0,0,0,0,0,0,1,0,0
개넘,1,1,0,0,0,0,0,0,0,0,1,0,0
개년,1,1,0,0,1,0,0,0,0,0,0,0,0
개놈,1,1,0,0,0,0,0,0,0,0,0,0,0
개늠,1,1,0,0,0,0,0,0,0,0,1,0,0
개똥,1,1,0,1,0,0,0,0,0,0,0,0,0
개떵,1,1,0,1,0,0,0,0,0,0,1,0,0
개떡,1,1,0,1,0,0,0,0,0,0,0,0,0
개라슥,1,0,0,0,0,0,0,0,0,1,1,0,0
개보지,1,0,0,0,0,0,0,0,0,0,0,1,0
개부달,1,0,0,0,0,0,0,0,0,1,1,0,0
개부랄,1,0,0,0,0,0,0,0,0,0,0,1,0
개불랄,1,0,0,0,0,0,0,0,0,0,1,1,0
개붕알,1,0,0,0,0,0,0,0,0,0,1,1,0
개새,1,1,0,0,0,1,0,0,0,0,0,0,1
개세,1,1,0,0,0,1,0,0,0,0,1,0,0
개쓰래기,1,1,0,1,1,0,0,0,0,0,1,0,1
개쓰레기,1,1,0,1,1,0,0,0,0,0,0,0,0
개씁년,1,1,0,1,0,0,0,0,0,0,1,0,0
개씁블,1,0,0,1,0,0,0,0,0,0,1,0,0
개씁자지,1,0,0,1,0,0,0,0,0,0,0,1,0
개씨발,1,1,1,1,0,0,0,0,0,0,0,0,0
개씨블,1,1,1,1,0,0,0,0,0,0,1,0,0
개자식,1,1,0,0,1,0,0,0,0,0,0,0,0
개자지,1,1,0,0,0,0,0,0,0,0,1,1,0
개잡년,1,1,0,0,1,0,0,0,0,0,0,0,0
개젓가튼넘,1,1,0,0,1,0,0,0,0,0,1,0,0
개좆,1,1,0,0,0,0,0,0,0,0,1,1,0
개지랄,1,1,0,0,0,0,0,0,0,0,0,0,0
개후라년,1,1,0,0,1,0,0,0,0,0,1,0,0
개후라들놈,1,1,0,0,1,0,0,0,0,0,0,0,0
개후라새끼,1,1,0,1,1,0,0,0,0,0,0,0,0
걔잡년,1,1,0,0,1,0,0,0,0,0,1,0,0
거시기,0,0,1,0,0,0,0,0,0,0,0,1,0
걸래년,0,1,0,0,1,0,0,0,0,0,0,1,0
걸레같은년,0,1,0,0,1,0,0,0,0,0,1,1,0
걸레년,0,1,0,0,1,0,0,0,0,0,1,1,0
걸레핀년,0,1,0,0,1,0,0,0,0,0,1,1,0
게부럴,1,1,0,0,0,0,0,0,0,0,1,1,0
게세끼,1,1,1,1,1,0,0,0,0,0,1,0,0
게이,0,0,0,0,0,0,0,0,0,0,0,0,1
게새끼,1,1,1,1,0,0,0,0,0,0,1,0,0
게늠,1,1,0,0,0,0,0,0,0,0,1,0,0
게자식,1,1,1,0,0,0,0,0,0,0,1,0,0
게지랄놈,1,1,1,0,1,0,0,0,0,0,1,0,0
고환,0,0,0,0,0,0,0,0,0,0,0,1,0
귀두,0,0,0,0,0,0,0,0,0,0,0,1,0
깨쌔끼,1,1,0,1,0,0,0,0,0,0,1,0,0
난자마셔,0,0,0,0,0,0,0,0,0,1,0,1,0
난자먹어,0,0,0,0,0,0,0,0,0,1,0,1,0
난자핧아,0,0,0,0,0,0,0,0,0,1,0,1,0
내꺼빨아,0,0,0,1,0,0,0,0,0,1,0,1,0
내꺼핧아,0,0,0,1,0,0,0,0,0,1,0,1,0
내버지,0,0,0,0,0,1,0,0,0,1,1,1,0
내자지,0,0,0,0,0,0,0,0,0,0,0,1,0
내잠지,0,0,0,0,0,0,0,0,0,0,0,1,0
내조지,0,0,0,0,0,0,0,0,0,1,1,1,0
너거애비,0,0,0,0,0,1,0,0,0,0,0,0,1
노옴,0,1,0,0,0,0,0,0,0,0,0,0,0
누나강간,0,0,0,0,0,0,0,0,0,0,0,1,1
니기미,0,0,1,0,0,1,0,0,0,1,1,0,1
니뿡,0,1,0,1,0,0,0,0,0,0,0,0,1
니뽕,0,1,0,1,0,0,0,0,0,0,1,0,1
니씨브랄,0,0,1,1,0,0,0,0,0,0,1,0,0
니아범,0,0,1,0,0,0,0,0,0,0,0,0,1
니아비,0,0,1,0,0,0,0,0,0,0,1,0,1
니애미,0,0,1,0,0,0,0,0,0,0,0,0,1
니애뷔,0,0,1,0,0,0,0,0,0,0,1,0,1
니애비,0,0,1,0,0,0,0,0,0,0,1,0,0
니할애비,0,0,0,0,0,0,0,0,0,0,1,0,1
닝기미,0,0,0,0,0,1,0,0,0,1,1,0,1
닌기미,0,0,0,0,0,0,1,0,0,1,1,0,1
니미,0,0,1,0,0,1,0,0,0,1,1,0,0
닳은년,0,1,0,0,1,0,0,0,0,0,0,1,0
덜은새끼,0,1,0,1,1,0,0,0,0,0,0,1,0
돈새끼,1,1,0,1,1,0,0,0,0,0,0,0,0
돌으년,1,1,0,0,0,0,0,0,0,0,1,0,0
돌은넘,1,1,0,0,0,0,0,0,0,0,1,0,0
돌은새끼,1,1,0,1,1,0,0,0,0,0,0,0,1
동생강간,0,0,0,0,0,0,0,0,0,0,0,1,0
동성애자,0,0,0,0,0,0,0,0,0,0,0,1,0
딸딸이,0,0,0,1,0,0,0,0,0,0,0,1,0
똥구녁,1,0,0,1,0,0,0,0,0,0,1,0,1
똥꾸뇽,1,0,0,1,0,0,0,0,0,0,1,0,0
똥구뇽,1,0,0,1,0,0,0,0,0,0,1,0,0
띠발뇬,1,1,1,1,0,0,0,0,0,0,1,0,0
띠팔,1,0,1,1,0,0,0,0,0,0,1,0,0
띠펄,1,0,1,1,0,0,0,0,0,0,1,0,0
띠풀,1,0,1,1,0,0,0,0,0,0,1,0,0
띠벌,1,0,1,1,0,0,0,0,0,0,1,0,0
띠벨,1,0,1,1,0,0,0,0,0,0,1,0,0
띠빌,1,0,1,1,0,0,0,0,0,0,1,0,0
막간년,1,1,0,0,0,0,0,0,0,0,0,0,0
막대쑤셔줘,0,0,0,1,0,0,0,0,0,1,0,1,0
막대핧아줘,0,0,0,0,0,0,0,0,0,1,0,1,0
맛간년,0,1,0,0,0,0,0,0,0,1,0,0,0
맛없는년,0,1,0,0,0,0,0,0,0,1,0,1,0
맛이간년,0,1,0,0,0,0,0,0,0,1,0,0,0
미친구녕,1,0,0,0,0,0,0,0,0,0,1,1,0
미친구멍,1,0,0,0,0,0,0,0,0,0,0,1,0
미친넘,1,1,1,0,0,0,0,0,0,0,1,0,0
미친년,1,1,1,0,0,0,0,0,0,0,0,0,0
미친놈,1,1,1,0,0,0,0,0,0,0,0,0,0
미친눔,1,1,1,0,0,0,0,0,0,0,1,0,0
미친새끼,1,1,1,1,0,0,0,0,0,0,0,0,0
미친쇄리,1,1,1,0,0,0,0,0,0,0,1,0,0
미친쇠리,1,1,1,0,0,0,0,0,0,0,1,0,0
미친쉐이,1,1,1,0,0,0,0,0,0,0,1,0,0
미친씨부랄,1,1,1,1,0,0,0,0,0,0,1,0,0
미튄,1,1,1,0,0,0,0,0,0,0,1,0,0
미티넘,1,1,1,0,0,0,0,0,0,0,1,0,0
미틴,1,0,1,0,0,0,0,0,0,0,1,0,0
미틴넘,1,1,1,0,0,0,0,0,0,0,1,0,0
미틴년,1,1,1,0,0,0,0,0,0,0,1,0,0
미틴놈,1,1,1,0,0,0,0,0,0,0,1,0,0
미틴것,1,1,0,0,0,0,0,0,0,0,1,0,0
백보지,0,0,0,0,0,0,0,0,0,0,0,1,0
버따리자지,0,0,0,1,0,0,0,0,0,1,1,1,0
버지구녕,0,0,0,0,0,0,0,0,0,0,1,1,0
버지구멍,0,0,0,0,0,0,0,0,0,0,1,1,0
버지냄새,0,0,0,0,0,0,0,0,0,0,1,1,0
버지따먹기,0,0,0,1,0,0,0,0,0,1,1,1,0
버지뚫어,0,0,0,1,0,0,0,0,0,0,1,1,0
버지뜨더,0,0,0,1,0,0,0,0,0,1,1,1,0
버지물마셔,0,0,0,0,0,0,0,0,0,0,1,1,0
버지벌려,0,0,0,0,0,0,0,0,0,0,1,1,0
버지벌료,0,0,0,0,0,0,0,0,0,0,1,1,0
버지빨아,0,0,0,1,0,0,0,0,0,0,1,1,0
버지빨어,0,0,0,1,0,0,0,0,0,0,1,1,0
버지썰어,0,0,0,1,0,0,0,0,0,0,1,1,0
버지쑤셔,0,0,0,1,0,0,0,0,0,0,1,1,0
버지털,0,0,0,0,0,0,0,0,0,0,1,1,0
버지핧아,0,0,0,0,0,0,0,0,0,0,1,1,0
버짓물,0,0,0,0,0,0,0,0,0,0,1,1,0
버짓물마셔,0,0,0,0,0,0,0,0,0,0,1,1,0
벌창같은년,0,1,0,0,0,0,0,0,0,0,0,1,0
벵신,0,0,1,0,0,0,0,0,0,0,1,0,0
병닥,0,0,1,0,0,0,0,0,0,0,1,0,0
병딱,0,0,1,1,0,0,0,0,0,0,1,0,1
병신,0,0,0,0,0,0,0,0,0,0,0,0,1
보쥐,0,0,0,0,0,0,0,0,0,0,1,1,0
보지,0,0,0,0,0,0,0,0,0,0,0,1,0
보지핧어,0,0,0,0,0,0,0,0,0,0,0,1,0
보짓물,0,0,0,0,0,0,0,0,0,0,0,1,0
보짓물마셔,0,0,0,0,0,0,0,0,0,0,0,1,0
봉알,0,0,0,0,0,0,0,0,0,0,1,1,0
부랄,0,0,0,0,0,0,0,0,0,0,0,1,0
불알,0,0,0,0,0,0,0,0,0,0,1,1,0
붕알,0,0,0,0,0,0,0,0,0,0,1,1,0
붜지,0,0,0,0,0,0,0,0,0,0,1,1,0
뷩딱,0,0,1,1,0,0,0,0,0,0,1,0,0
븅쉰,0,0,1,0,0,0,0,0,0,0,1,0,0
븅신,0,0,1,0,0,0,0,0,0,0,1,0,0
빙띤,0,0,1,1,0,0,0,0,0,0,1,0,0
빙신,0,0,1,0,0,0,0,0,0,0,1,0,0
빠가십새,1,1,0,1,0,0,0,0,0,0,1,0,0
빠가씹새,1,1,0,1,0,0,0,0,0,0,1,0,0
빠구리,0,0,0,1,0,0,0,0,0,1,0,1,0
빠굴이,0,0,0,1,0,0,0,0,0,1,1,1,0
뻑큐,0,0,0,1,0,0,0,0,0,0,0,0,1
뽕알,0,0,0,1,0,0,0,0,0,0,1,1,0
뽀지,0,0,0,1,0,0,0,0,0,0,1,1,0
뼝신,0,0,1,1,0,0,0,0,0,0,1,0,1
사까시,0,0,0,1,0,0,0,0,0,0,0,1,0
상년,0,1,0,0,0,0,0,0,0,0,1,0,1
새꺄,0,1,0,1,0,0,0,0,0,0,1,0,0
새뀌,0,1,0,1,0,0,0,0,0,0,1,0,0
새끼,0,1,0,1,0,0,0,0,0,0,1,0,0
색갸,0,1,0,0,0,0,0,0,0,0,1,0,0
색끼,0,1,0,1,0,0,0,0,0,0,1,0,0
색스,0,0,0,0,0,0,0,0,0,0,1,1,0
색키,0,1,0,0,0,0,0,0,0,0,1,0,0
샤발,0,0,0,0,0,0,0,0,0,0,1,0,0
써글,0,0,0,1,0,0,0,0,0,0,1,0,0
써글년,1,1,0,1,1,0,0,0,0,0,1,0,0
성교,0,0,0,0,0,0,0,0,0,0,0,1,0
성폭행,0,0,0,0,0,0,0,0,0,0,0,1,0
세꺄,0,1,0,1,0,0,0,0,0,0,1,0,0
세끼,0,1,0,1,0,0,0,0,0,0,1,0,0
섹스,0,0,0,0,0,0,0,0,0,0,0,1,0
섹스하자,0,0,0,0,0,0,0,0,0,0,0,1,0
섹스해,0,0,0,0,0,0,0,0,0,0,0,1,0
섹쓰,0,0,0,1,0,0,0,0,0,0,1,1,0
섹히,0,1,0,0,0,0,0,0,0,0,1,0,0
수셔,0,0,0,0,0,0,0,0,0,0,1,1,0
쑤셔,0,0,0,1,0,0,0,0,0,0,0,1,0
쉐끼,0,1,0,1,0,0,0,0,0,0,1,0,0
쉑갸,0,1,0,0,0,0,0,0,0,0,1,0,0
쉑쓰,0,0,0,1,0,0,0,0,0,0,1,1,0
쉬발,1,0,1,0,0,0,0,0,0,0,1,0,0
쉬방,1,0,1,0,0,0,0,0,0,0,1,0,0
쉬밸년,1,1,1,0,0,0,0,0,0,0,1,0,0
쉬벌,1,0,1,0,0,0,0,0,0,0,1,0,0
쉬불,1,0,1,0,0,0,0,0,0,0,1,0,0
쉬붕,1,0,1,0,0,0,0,0,0,0,1,0,0
쉬빨,1,0,1,1,0,0,0,0,0,0,1,0,0
쉬이발,1,0,1,0,0,0,1,0,0,0,1,0,0
쉬이방,1,0,1,0,0,0,1,0,0,0,1,0,0
쉬이벌,1,0,1,0,0,0,1,0,0,0,1,0,0
쉬이불,1,0,1,0,0,0,1,0,0,0,1,0,0
쉬이붕,1,0,1,0,0,0,1,0,0,0,0,0,0
쉬이빨,1,0,1,1,0,0,1,0,0,0,1,0,0
쉬이팔,1,0,1,0,0,0,1,0,0,0,1,0,0
쉬이펄,1,0,1,0,0,0,1,0,0,0,1,0,0
쉬이풀,1,0,1,0,0,0,1,0,0,0,1,0,0
쉬팔,1,0,1,0,0,0,0,0,0,0,1,0,0
쉬펄,1,0,1,0,0,0,0,0,0,0,1,0,0
쉬풀,1,0,1,0,0,0,0,0,0,0,1,0,0
쉽쌔,1,0,1,1,0,0,1,0,0,0,1,0,0
시댕이,0,0,0,0,0,0,0,0,0,0,1,0,0
시발,1,0,1,0,0,0,0,0,0,0,0,0,0
시발년,1,1,0,0,0,0,0,0,0,0,0,0,0
시발놈,1,1,0,0,0,0,0,0,0,0,0,0,0
시발새끼,1,1,1,1,0,0,0,0,0,0,0,0,0
시방새,1,1,1,0,0,0,1,0,0,0,1,0,0
시밸,1,0,1,0,0,0,0,0,0,0,1,0,0
시벌,1,0,1,0,0,0,0,0,0,0,1,0,0
시불,1,0,1,0,0,0,0,0,0,0,1,0,0
시붕,1,0,1,0,0,0,0,0,0,0,1,0,0
시이발,1,0,1,0,0,0,1,0,0,0,1,0,0
시이벌,1,0,1,0,0,0,1,0,0,0,1,0,0
시이불,1,0,1,0,0,0,1,0,0,0,1,0,0
시이붕,1,0,1,0,0,0,1,0,0,0,1,0,0
시이팔,1,0,1,0,0,0,1,0,0,0,1,0,0
시이펄,1,0,1,0,0,0,1,0,0,0,1,0,0
시이풀,1,0,1,0,0,0,1,0,0,0,1,0,0
시팍새끼,1,1,1,1,0,0,0,0,0,0,1,0,0
시팔,1,0,1,0,0,0,0,0,0,0,1,0,0
시팔넘,1,1,1,0,0,0,0,0,0,0,1,0,0
시팔년,1,1,1,0,0,0,0,0,0,0,1,0,0
시팔놈,1,1,1,0,0,0,0,0,0,0,1,0,0
시팔새끼,1,1,1,1,0,0,0,0,0,0,1,0,0
시펄,1,0,1,0,0,0,0,0,0,0,1,0,0
십8,1,0,1,0,0,0,0,1,0,0,1,0,0
십때끼,1,1,0,1,0,0,0,0,0,0,1,0,0
십떼끼,1,1,0,1,0,0,0,0,0,0,1,0,0
십버지,1,0,0,0,0,0,0,0,0,1,1,0,0
십부랄,1,0,0,0,0,0,0,0,0,0,1,0,0
십부럴,1,0,0,0,0,0,0,0,0,0,1,0,0
십새,1,1,1,0,0,1,1,0,0,0,1,0,0
십세이,1,1,0,0,0,0,0,0,0,0,1,0,0
십셰리,1,1,0,0,0,0,0,0,0,0,1,0,0
십쉐,1,1,0,0,0,1,0,0,0,0,1,0,0
십자석,1,1,0,0,0,0,0,0,0,0,1,0,0
십자슥,1,1,0,0,0,0,0,0,0,0,1,0,0
십지랄,1,0,0,0,0,0,0,0,0,0,1,0,0
십창녀,1,1,0,0,0,0,0,0,0,0,1,0,0
십창,1,1,0,0,0,0,0,0,0,0,1,0,0
십탱,1,1,0,0,0,1,0,0,0,0,1,0,0
십탱구리,1,0,0,0,0,0,0,0,0,0,1,0,0
십탱굴이,1,0,0,0,0,0,0,0,0,0,1,0,0
십팔새끼,1,1,0,1,0,0,0,0,0,0,1,0,0
ㅆㅂ,1,0,1,1,0,1,0,0,0,0,1,0,0
ㅆㅂㄹㅁ,1,1,1,1,0,1,0,0,0,0,1,0,0
ㅆㅂㄻ,1,1,1,1,0,1,0,0,0,0,1,0,0
ㅆㅣ,1,0,1,1,0,0,0,0,0,0,1,0,0
쌍넘,1,1,1,1,0,0,0,0,0,0,0,0,0
쌍년,1,1,1,1,0,0,0,0,0,0,1,0,0
쌍놈,1,1,1,1,0,0,0,0,0,0,1,0,0
쌍눔,1,0,0,1,0,0,0,0,0,0,1,0,0
쌍보지,0,0,0,1,0,0,0,0,0,0,1,1,0
쌔끼,0,1,0,1,0,0,0,0,0,0,1,0,0
쌔리,0,1,0,1,0,0,0,0,0,0,1,0,0
쌕스,0,0,0,1,0,0,0,0,0,0,1,1,0
쌕쓰,0,0,0,1,0,0,0,0,0,0,1,1,0
썅년,1,1,0,1,0,0,0,0,0,0,0,0,0
썅놈,1,1,0,1,0,0,0,0,0,0,0,0,0
썅뇬,1,1,0,1,0,0,0,0,0,0,1,0,0
썅늠,1,1,0,1,0,0,0,0,0,0,1,0,0
쓉새,1,1,1,1,0,1,0,0,0,0,1,0,0
쓰바새끼,1,1,1,1,0,0,0,0,0,0,1,0,0
쓰브랄쉽세,1,1,1,1,1,1,0,0,0,0,1,0,0
씌발,0,0,1,1,0,0,0,0,0,0,1,0,0
씌팔,0,0,1,1,0,0,0,0,0,0,1,0,0
씨가랭넘,1,1,0,1,1,0,0,0,0,0,1,0,0
씨가랭년,1,1,0,1,1,0,0,0,0,0,1,0,0
씨가랭놈,1,1,0,1,1,0,0,0,0,0,1,0,0
씨발,1,0,1,1,0,0,0,0,0,0,0,0,0
씨발년,1,1,1,1,0,0,0,0,0,0,0,0,0
씨발롬,1,1,1,1,0,0,0,0,0,0,0,0,0
씨발병신,1,1,1,1,0,0,0,0,0,0,0,0,0
씨방새,1,1,0,1,0,1,0,0,0,0,1,0,0
씨방세,1,1,1,1,0,1,0,0,0,0,1,0,0
씨밸,1,0,1,1,0,0,0,0,0,0,1,0,0
씨뱅가리,1,0,0,1,0,0,0,0,0,0,1,0,0
씨벌,1,0,1,1,0,0,0,0,0,0,1,0,0
씨벌년,1,1,1,1,0,0,0,0,0,0,1,0,0
씨벌쉐이,1,1,1,1,0,0,0,0,0,0,1,0,0
씨부랄,1,0,1,1,0,0,0,0,0,0,1,0,0
씨부럴,1,0,1,1,0,0,0,0,0,0,1,0,0
씨불,1,0,1,1,0,0,0,0,0,0,1,0,0
씨불알,1,0,1,1,0,0,0,0,0,0,1,1,0
씨붕,1,0,1,1,0,0,0,0,0,0,1,0,0
씨브럴,1,0,1,1,0,0,0,0,0,0,1,1,0
씨블,1,0,1,1,0,0,0,0,0,0,1,0,0
씨블년,1,1,1,1,0,0,0,0,0,0,1,0,0
씨븡새끼,1,1,1,1,0,0,0,0,0,0,1,0,0
씨빨,1,0,1,1,0,0,0,0,0,0,1,0,0
씨이발,1,0,1,1,0,0,1,0,0,0,1,0,0
씨이벌,1,0,1,1,0,0,1,0,0,0,1,0,0
씨이불,1,0,1,1,0,0,1,0,0,0,1,0,0
씨이붕,1,0,1,1,0,0,1,0,0,0,1,0,0
씨이팔,1,0,1,1,0,0,1,0,0,0,1,0,0
씨파넘,1,1,1,1,0,0,0,0,0,0,1,0,0
씨팍새끼,1,1,1,1,0,0,0,0,0,0,1,0,0
씨팍세끼,1,1,1,1,0,0,0,0,0,0,1,0,0
씨팔,1,0,1,1,0,0,0,0,0,0,1,0,0
씨펄,1,0,1,1,0,0,0,0,0,0,1,0,0
씨퐁넘,1,1,1,1,0,0,0,0,0,0,1,0,0
씨퐁뇬,1,1,1,1,0,0,0,0,0,0,1,0,0
씨퐁보지,1,0,0,1,0,0,0,0,0,0,1,1,0
씨퐁자지,1,0,0,1,0,0,0,0,0,0,1,1,0
씹년,1,1,1,1,0,0,0,0,0,0,1,0,0
씹물,1,0,0,1,0,0,0,0,0,0,1,1,0
씹미랄,1,0,0,1,0,0,0,0,0,0,1,0,0
씹버지,1,0,0,1,0,0,0,0,0,0,1,1,0
씹보지,1,0,0,1,0,0,0,0,0,0,1,1,0
씹부랄,1,0,0,1,0,0,0,0,0,0,1,1,0
씹브랄,1,0,0,1,0,0,0,0,0,0,1,1,0
씹빵구,1,0,0,1,0,0,0,0,0,0,1,0,0
씹뽀지,1,0,0,1,0,0,0,0,0,0,1,1,0
씹새,1,1,0,1,0,1,0,0,0,0,1,0,0
씹새끼,1,1,1,1,0,0,0,0,0,0,1,0,0
씹세,1,1,0,1,0,1,0,0,0,0,1,0,0
씹쌔끼,1,1,1,1,0,0,0,0,0,0,1,0,0
씹자석,1,1,1,1,0,0,0,0,0,0,1,0,0
씹자슥,1,1,1,1,0,0,0,0,0,0,1,0,0
씹자지,1,0,0,1,0,0,0,0,0,0,1,1,0
씹지랄,1,0,1,1,0,0,0,0,0,0,1,0,0
씹창,1,1,0,1,0,0,0,0,0,0,1,1,0
씹창녀,1,1,0,1,0,0,0,0,0,0,1,1,0
씹탱,1,1,0,1,0,1,0,0,0,0,1,0,0
씹탱굴이,1,0,0,1,0,0,0,0,0,0,1,0,0
씹탱이,1,0,0,1,0,0,0,0,0,0,1,0,0
씹팔,1,0,1,1,0,0,0,0,0,0,1,0,0
아가리,0,0,1,0,0,0,0,0,0,0,0,0,0
애무,0,0,0,0,0,0,0,0,0,0,0,1,0
애미,0,0,0,0,0,0,0,0,0,0,0,0,0
애미랄,1,0,0,0,0,1,0,0,0,1,1,0,0
애미보지,0,0,0,0,0,0,0,0,0,0,0,1,0
애미씨뱅,0,0,0,1,0,0,0,0,0,0,1,0,0
애미자지,0,0,0,0,0,0,0,0,0,0,1,1,0
애미잡년,0,1,0,0,0,0,0,0,0,0,1,0,0
애미좃물,0,0,0,0,0,0,0,0,0,0,1,1,0
애비,0,0,0,0,0,0,0,0,0,0,0,0,0
애자,0,0,0,0,0,0,0,0,0,1,1,0,0
양아치,0,0,0,0,0,1,0,0,0,0,0,0,0
어미강간,0,0,0,0,0,0,0,0,0,0,0,1,0
어미따먹자,0,0,0,1,0,0,0,0,0,1,0,1,0
어미쑤시자,0,0,0,1,0,0,0,0,0,0,1,1,0
엄창,0,1,0,0,0,1,0,0,0,1,1,1,0
에미,0,0,0,0,0,0,0,0,0,0,1,0,0
에비,0,0,0,0,0,0,0,0,0,0,1,0,0
염병,0,0,1,0,0,0,0,0,0,0,0,0,0
염병할,0,0,0,0,0,0,0,0,0,0,1,0,0
염뵹,0,0,0,0,0,0,0,0,0,0,1,0,0
엿먹어라,0,0,0,0,0,0,0,0,0,0,0,0,0
오랄,0,0,0,0,0,0,0,0,0,0,0,1,0
오르가즘,0,0,0,0,0,0,0,0,0,0,0,1,0
왕버지,0,0,0,0,0,0,0,0,0,0,1,1,0
왕자지,0,0,0,0,0,0,0,0,0,0,0,1,0
왕잠지,0,0,0,0,0,0,0,0,0,0,1,1,0
왕털버지,0,0,0,0,0,0,0,0,0,0,1,1,0
왕털보지,0,0,0,0,0,0,0,0,0,0,0,1,0
왕털자지,0,0,0,0,0,0,0,0,0,0,0,1,0
왕털잠지,0,0,0,0,0,0,0,0,0,0,1,1,0
우미쑤셔,0,0,0,1,0,0,0,0,0,0,1,1,0
유두,0,0,0,0,0,0,0,0,0,0,0,1,0
유두빨어,0,0,0,1,0,0,0,0,0,0,0,1,0
유두핧어,0,0,0,0,0,0,0,0,0,0,0,1,0
유방,0,0,0,0,0,0,0,0,0,0,0,1,0
유방만져,0,0,0,0,0,0,0,0,0,0,0,1,0
유방빨아,0,0,0,1,0,0,0,0,0,0,0,1,0
유방주물럭,0,0,0,0,0,0,0,0,0,0,0,1,0
유방쪼물딱,0,0,0,1,0,0,0,0,0,0,1,1,0
유방쪼물럭,0,0,0,1,0,0,0,0,0,0,1,1,0
유방핧아,0,0,0,0,0,0,0,0,0,0,0,1,0
유방핧어,0,0,0,0,0,0,0,0,0,0,0,1,0
육갑,0,0,0,0,0,0,0,0,0,0,0,0,0
이년,0,1,0,0,0,0,0,0,0,0,0,0,0
자기핧아,0,0,0,0,0,0,0,0,0,0,0,1,0
자지,0,0,0,0,0,0,0,0,0,0,0,1,0
자지구녕,0,0,0,0,0,0,0,0,0,0,1,1,0
자지구멍,0,0,0,0,0,0,0,0,0,0,0,1,0
자지꽂아,0,0,0,1,0,0,0,0,0,0,0,1,0
자지넣자,0,0,0,0,0,0,0,0,0,0,0,1,0
자지뜨더,0,0,0,1,0,0,0,0,0,0,1,1,0
자지뜯어,0,0,0,1,0,0,0,0,0,0,0,1,0
자지박어,0,0,0,0,0,0,0,0,0,0,0,1,0
자지빨아,0,0,0,1,0,0,0,0,0,0,0,1,0
자지빨아줘,0,0,0,1,0,0,0,0,0,0,0,1,0
자지빨어,0,0,0,1,0,0,0,0,0,0,0,1,0
자지쑤셔,0,0,0,1,0,0,0,0,0,0,0,1,0
자지쓰레기,0,0,0,1,0,0,0,0,0,0,1,1,0
자지정개,0,0,0,0,0,0,0,0,0,0,1,1,0
자지짤라,0,0,0,1,0,0,0,0,0,0,0,1,0
자지털,0,0,0,0,0,0,0,0,0,0,0,1,0
자지핧아,0,0,0,0,0,0,0,0,0,0,0,1,0
자지핧아줘,0,0,0,0,0,0,0,0,0,0,0,1,0
자지핧어,0,0,0,0,0,0,0,0,0,0,0,1,0
작은보지,0,0,0,0,0,0,0,0,0,0,0,1,0
잠지,0,0,0,0,0,0,0,0,0,0,1,1,0
잠지뚫어,0,0,0,1,0,0,0,0,0,0,1,1,0
잠지물마셔,0,0,0,0,0,0,0,0,0,0,1,1,0
잠지털,0,0,0,0,0,0,0,0,0,0,1,1,0
잠짓물마셔,0,0,0,0,0,0,0,0,0,0,1,1,0
잡년,1,1,0,0,1,0,0,0,0,0,0,0,0
잡놈,1,1,0,0,1,0,0,0,0,0,0,0,0
저년,0,1,0,0,1,0,0,0,0,0,0,0,0
젓가튼,1,0,0,0,1,0,0,0,0,0,1,1,0
젓가튼쉐이,1,1,0,0,1,0,0,0,0,0,1,1,0
젓같내,1,0,0,0,0,0,0,0,0,0,1,1,0
젓같은,1,0,0,0,0,0,0,0,0,0,1,1,0
젓까,1,0,0,1,0,0,0,0,0,0,1,1,0
젓나,0,0,0,0,0,0,0,0,0,0,1,0,0
젓냄새,0,1,0,0,0,0,0,0,0,0,1,1,0
젓대가리,0,0,0,0,1,0,0,0,0,0,1,1,0
젓떠,1,0,0,1,0,0,0,0,0,1,1,1,0
젓마무리,1,0,0,0,0,0,0,0,0,0,1,1,0
젓만이,0,0,0,0,0,0,0,0,0,0,1,1,0
젓물,1,0,0,0,0,0,0,0,0,0,1,1,0
젓물냄새,1,1,0,0,0,0,0,0,0,0,1,1,0
젓밥,1,0,0,0,0,0,0,0,0,0,1,1,0
정액마셔,0,0,0,0,0,0,0,0,0,0,0,1,0
정액먹어,0,0,0,0,0,0,0,0,0,0,0,1,0
정액발사,0,0,0,0,0,0,0,0,0,0,0,1,0
정액짜,0,0,0,1,0,0,0,0,0,0,1,1,0
정액핧아,0,0,0,0,0,0,0,0,0,0,1,1,0
정자마셔,0,0,0,0,0,0,0,0,0,0,0,1,0
정자먹어,0,0,0,0,0,0,0,0,0,0,0,1,0
정자핧아,0,0,0,0,0,0,0,0,0,0,0,1,0
젖같은,1,0,0,0,1,0,0,0,0,0,1,1,0
젖까,0,0,0,1,0,0,0,0,0,0,1,1,0
젖밥,1,0,0,0,0,0,0,0,0,0,1,1,0
젖탱이,0,0,0,0,0,0,0,0,0,0,1,1,0
조개넓은년,0,1,0,0,1,0,0,0,0,1,1,1,0
조개따조,0,0,0,1,0,0,0,0,0,1,1,1,0
조개마셔줘,0,0,0,0,0,0,0,0,0,1,1,1,0
조개벌려조,0,0,0,0,0,0,0,0,0,1,1,1,0
조개속물,0,0,0,0,0,0,0,0,0,1,1,1,0
조개쑤셔줘,0,0,0,1,0,0,0,0,0,1,1,1,0
조개핧아줘,0,0,0,0,0,0,0,0,0,1,1,1,0
조까,0,0,0,1,0,0,0,0,0,0,1,1,0
조또,1,0,0,1,0,0,0,0,0,0,1,1,0
족같내,1,0,0,1,0,0,0,0,0,0,1,1,0
족까,1,0,0,1,0,0,0,0,0,0,1,1,0
족까내,1,0,0,1,0,0,0,0,0,0,1,1,0
존나,1,0,0,0,0,0,0,0,0,0,0,0,0
존나게,0,0,0,0,0,0,0,0,0,0,0,0,0
존니,1,0,0,0,0,0,0,0,0,0,1,0,0
졸라,1,0,0,0,0,0,0,0,0,0,1,0,0
좀마니,0,0,0,0,0,0,0,0,0,1,1,0,0
좀물,1,0,0,0,0,0,0,0,0,1,1,1,0
좀쓰레기,1,0,0,1,0,0,0,0,0,1,1,0,0
좁빠라라,0,0,0,1,0,0,0,0,0,1,1,1,0
좃가튼뇬,1,0,0,0,1,0,0,0,0,0,1,1,0
좃간년,1,1,0,0,1,0,0,0,0,0,1,1,0
좃까,0,0,0,1,0,0,0,0,0,0,1,1,0
좃까리,0,0,0,1,0,0,0,0,0,0,1,1,0
좃깟네,1,0,0,1,0,0,0,0,0,0,1,1,0
좃냄새,1,1,0,0,0,0,0,0,0,0,1,1,0
좃넘,1,0,0,0,0,0,0,0,0,0,1,1,0
좃대가리,1,0,0,0,0,0,0,0,0,0,1,1,0
좃도,0,0,0,0,0,0,0,0,0,0,1,1,0
좃또,0,0,0,1,0,0,0,0,0,0,1,1,0
좃만아,1,0,0,0,0,0,0,0,0,0,1,1,0
좃만이,1,0,0,0,0,0,0,0,0,0,1,1,0
좃만한것,1,0,0,0,1,0,0,0,0,0,1,1,0
좃만한쉐이,1,0,0,0,1,0,0,0,0,0,1,1,0
좃물,0,0,0,0,0,0,0,0,0,0,1,1,0
좃물냄새,0,1,0,0,0,0,0,0,0,0,1,1,0
좃보지,1,0,0,0,0,0,0,0,0,0,1,1,0
좃부랄,1,0,0,0,0,0,0,0,0,0,1,1,0
좃빠구리,1,0,0,1,0,0,0,0,0,1,1,1,0
좃빠네,1,0,0,1,0,0,0,0,0,0,1,1,0
좃빠라라,1,0,0,1,0,0,0,0,0,0,1,1,0
좃털,1,1,0,0,0,0,0,0,0,0,1,1,0
좆같은놈,1,1,0,0,1,0,0,0,0,0,1,1,0
좆같은새끼,1,1,0,1,1,0,0,0,0,0,1,1,0
좆까,1,0,0,1,0,0,0,0,0,0,1,1,0
좆까라,1,0,0,1,0,0,0,0,0,0,1,1,0
좆나,1,0,0,0,0,0,0,0,0,0,1,1,0
좆년,1,1,0,0,0,0,0,0,0,0,1,1,0
좆도,1,0,0,0,0,0,0,0,0,0,1,1,0
좆만아,1,0,0,0,0,0,0,0,0,0,1,1,0
좆만한년,1,1,0,0,1,0,0,0,0,0,1,1,0
좆만한놈,1,1,0,0,1,0,0,0,0,0,1,1,0
좆만한새끼,1,1,0,1,1,0,0,0,0,0,1,1,0
좆먹어,1,0,0,0,0,0,0,0,0,0,1,1,0
좆물,1,0,0,0,0,0,0,0,0,0,1,1,0
좆밥,1,0,0,0,0,0,0,0,0,0,1,1,0
좆빨아,1,0,0,1,0,0,0,0,0,0,1,1,0
좆새끼,1,1,0,1,1,0,0,0,0,0,1,1,0
좆털,1,0,0,0,0,0,0,0,0,0,1,1,0
좋만한것,1,0,0,0,1,0,0,0,0,0,1,1,0
주글년,1,1,0,0,1,0,0,0,0,0,1,0,0
주길년,1,1,0,0,1,0,0,0,0,0,1,0,0
쥐랄,0,0,1,0,0,0,0,0,0,0,1,0,0
지랄,0,0,1,0,0,0,0,0,0,0,0,0,0
지랼,0,0,1,0,0,0,0,0,0,0,1,0,0
지럴,0,0,1,0,0,0,0,0,0,0,1,0,0
지뢀,0,0,1,0,0,0,0,0,0,0,1,0,0
쪼까튼,1,0,0,1,0,0,0,0,0,0,1,0,0
쪼다,0,0,0,1,0,0,0,0,0,0,1,0,0
쪼다새끼,1,1,0,1,1,0,0,0,0,0,1,0,0
찌랄,0,0,1,1,0,0,0,0,0,0,1,0,0
찌질이,0,0,0,1,0,0,0,0,0,0,0,0,0
창남,0,1,0,0,0,0,0,0,0,0,0,1,0
창녀,0,1,0,0,0,0,0,0,0,0,0,1,0
창녀버지,0,0,0,0,0,1,0,0,0,1,1,1,0
창년,0,1,0,0,0,0,0,0,0,0,1,1,0
처먹고,1,0,0,0,0,0,0,0,0,0,1,0,0
처먹을,1,0,0,0,0,0,0,0,0,0,1,0,0
쳐먹고,1,0,0,0,0,0,0,0,0,0,1,0,0
쳐쑤셔박어,1,0,0,1,0,0,0,0,0,0,1,1,0
촌씨브라리,0,0,0,1,0,0,0,0,0,0,1,0,0
촌씨브랑이,0,0,0,1,0,0,0,0,0,0,1,0,0
촌씨브랭이,0,0,0,1,0,0,0,0,0,0,1,0,0
큰보지,0,0,0,0,0,0,0,0,0,0,0,1,0
항문수셔,0,0,0,0,0,0,0,0,0,0,1,1,0
항문쑤셔,0,0,0,1,0,0,0,0,0,0,0,1,0
허덥,0,0,0,0,0,0,0,0,0,0,1,0,0
허버리년,0,1,0,0,1,0,0,0,0,0,1,1,0
허벌년,0,1,0,0,0,0,0,0,0,0,1,1,0
허벌보지,0,0,0,0,0,0,0,0,0,0,1,1,0
허벌자식,0,1,0,0,1,0,0,0,0,0,1,1,0
허벌자지,0,0,0,0,0,0,0,0,0,0,1,1,0
허접,0,0,0,0,0,0,0,0,0,0,0,0,0
허젚,0,0,0,0,0,0,0,0,0,0,1,0,0
허졉,0,0,0,0,0,0,0,0,0,0,1,0,0
허좁,0,0,0,0,0,0,0,0,0,0,1,1,0
헐렁보지,0,0,0,0,0,0,0,0,0,0,1,1,0
혀로보지핧기,0,0,0,0,0,0,0,0,0,0,0,1,0
호냥년,0,0,0,0,1,0,0,0,0,0,0,1,0
호로,1,0,0,0,0,0,0,0,0,0,0,0,0
호로새끼,1,1,0,1,1,0,0,0,0,0,0,0,0
호로자슥,1,1,0,0,1,0,0,0,0,0,1,0,0
호로자식,1,1,0,0,1,0,0,0,0,0,1,0,0
호로짜식,1,1,0,1,1,0,0,0,0,0,1,0,0
호루자슥,1,1,0,0,1,0,0,0,0,0,1,0,0
호모,0,0,0,0,0,0,0,0,0,0,1,1,0
호졉,0,0,0,0,0,0,0,0,0,0,1,0,0
호좁,0,0,0,0,0,0,0,0,0,0,1,0,0
후라덜넘,0,1,0,0,1,0,0,0,0,0,1,0,0
후장,0,0,0,0,0,0,0,0,0,0,0,1,0
후장꽂아,0,0,0,1,0,0,0,0,0,0,0,1,0
후장뚫어,0,0,0,1,0,0,0,0,0,0,0,1,0
흐접,0,0,0,0,0,0,0,0,0,0,1,0,0
흐젚,0,0,0,0,0,0,0,0,0,0,1,0,0
흐졉,0,0,0,0,0,0,0,0,0,0,1,0,0
┴,0,0,0,0,0,0,0,0,0,0,1,0,0
D쥐고,0,0,0,0,0,0,0,0,1,1,1,0,0
D지고,0,0,0,0,0,0,0,0,1,1,1,0,0
jot같,0,0,0,0,0,0,0,0,1,1,1,0,0
mi쳤,0,0,0,0,0,0,0,0,1,1,1,0,0
같은 새끼,0,1,0,1,1,0,0,0,0,0,1,0,0
같은새끼,0,1,0,1,1,0,0,0,0,0,1,0,0
개 새끼,1,1,0,1,0,0,0,0,0,0,0,0,0
개같아,1,0,1,0,0,0,0,0,0,0,0,0,0
개같은,1,0,1,0,0,0,0,0,0,0,1,0,0
개같을,1,0,1,0,0,0,0,0,0,0,1,0,0
개같게,1,0,1,0,0,0,0,0,0,0,1,0,0
개나대,1,0,0,0,0,0,0,0,0,0,0,0,0
개나소나,0,0,0,0,0,0,0,0,0,0,1,0,0
개년,1,1,0,0,0,0,0,0,0,0,1,0,0
개념빠가,0,0,0,1,0,0,0,0,0,0,1,0,0
느갭,0,0,0,0,0,0,0,0,0,0,1,0,0
도태남,0,1,0,0,0,0,0,0,0,0,0,0,0
도태녀,0,1,0,0,0,0,0,0,0,0,0,0,0
도.태,0,0,0,0,0,0,0,0,0,0,1,0,0
도1태,0,0,0,0,0,0,0,1,0,0,1,0,0
개독,1,0,0,0,0,0,0,0,0,1,0,0,0
개돼지,1,0,0,0,0,0,0,0,0,0,0,0,0
개련,1,1,0,0,0,0,0,0,0,0,1,0,0
개부랄,1,0,0,0,0,0,0,0,0,0,1,0,0
개삼성,1,0,0,0,0,0,0,0,0,0,1,0,0
개새기,1,1,0,0,0,0,0,0,0,0,1,0,0
개새끼,1,1,1,1,0,0,0,0,0,0,0,0,0
개섹,1,1,0,0,0,0,0,0,0,0,1,1,0
풀발,0,0,0,0,0,1,0,0,0,1,1,1,0
씹선,1,0,0,1,0,1,0,0,0,1,1,0,0
개소리,1,0,0,0,0,1,0,0,0,0,0,0,0
개쓰래기,1,1,0,1,0,0,0,0,0,0,0,0,0
개저씨,1,0,0,1,0,1,0,0,0,0,1,0,0
거지같,0,0,0,0,0,1,0,0,0,0,1,0,0
그지,0,0,0,0,0,0,0,0,0,0,1,0,0
계새끼,1,1,0,1,0,0,0,0,0,0,1,0,0
골 빈,0,0,0,0,0,0,0,0,0,0,1,0,0
골1빈,0,0,0,0,0,0,0,1,0,0,1,0,0
골빈,0,0,0,0,0,0,0,0,0,0,0,0,0
괘새끼,1,1,0,1,0,0,0,0,0,1,1,0,0
그1켬,0,0,0,0,0,0,0,1,0,1,1,0,0
그지 같,0,0,0,0,0,0,0,0,0,0,1,0,0
그지같,0,0,0,0,0,0,0,0,0,0,1,0,0
김치녀,1,1,0,0,1,1,0,0,0,1,1,0,0
김치남,1,1,0,0,1,1,0,0,0,1,1,0,0
김치놈,1,1,0,0,1,1,0,0,0,1,1,0,0
김치년,1,1,0,0,1,1,0,0,0,1,1,0,0
한녀,0,1,0,0,1,1,0,0,0,1,0,0,1
한.녀,0,1,0,0,1,1,0,0,0,1,1,0,1
한남들,0,0,0,0,1,1,0,0,0,1,1,0,1
한.남,0,1,0,0,1,1,0,0,0,1,1,0,1
그남들,0,0,0,0,1,1,0,0,0,1,1,0,1
자들자들,0,0,0,0,1,1,0,0,0,1,1,1,1
된장녀,0,1,0,0,0,1,0,0,0,1,1,0,0
피싸개,0,0,0,1,0,0,0,0,0,1,0,1,0
앙기모띠,0,0,1,1,0,0,0,0,0,0,1,0,0
보이루,0,0,0,0,0,1,0,0,0,1,0,0,1
소추,0,0,0,0,0,0,0,0,0,1,1,1,0
퍄퍄,0,0,0,0,0,0,0,0,0,0,1,0,1
방구석,0,0,0,0,0,0,0,0,0,0,0,0,0
석 스,0,0,0,0,0,0,0,0,0,0,1,1,0
형보수지,0,0,0,0,0,0,0,0,0,0,1,1,0
눈나,0,0,0,0,0,0,0,0,0,0,1,0,0
김여사,0,0,0,0,0,0,0,0,0,0,0,0,0
여적여,0,0,0,0,0,1,0,0,0,1,1,0,1
자적자,0,0,0,0,0,1,0,0,0,1,1,1,1
남적남,0,0,0,0,0,1,0,0,0,1,1,0,1
보적보,0,0,0,0,0,1,0,0,0,1,1,1,1
삼일한,0,0,0,0,0,1,0,0,0,1,1,0,1
보슬아치,0,0,0,0,0,0,0,0,0,0,1,1,0
보징어,0,0,0,0,0,1,0,0,0,1,1,1,0
엑윽,0,0,0,0,0,0,0,0,0,0,1,0,1
헤으응,0,0,1,0,0,0,0,0,0,0,1,1,1
이기야,0,0,0,0,0,0,0,0,0,0,1,0,1
부왘,0,0,0,0,0,0,0,0,0,0,1,1,0
보픈카,0,0,0,0,0,1,0,0,0,1,1,1,0
보라니,0,0,0,0,0,1,0,0,0,1,1,1,0
상폐녀,0,1,0,0,0,1,0,0,0,1,1,1,0
배빵,0,0,0,1,0,0,0,0,0,0,1,0,0
누보햄,0,0,0,0,0,1,0,0,0,0,1,1,1
자박꼼,0,0,0,1,0,1,0,0,0,1,1,1,1
로린,0,0,0,0,0,1,0,0,0,1,1,0,0
아몰랑,0,0,0,0,0,0,0,0,0,0,1,0,1
업계포상,0,0,0,0,0,0,0,0,0,1,0,0,1
번녀,1,1,0,0,0,1,0,0,0,1,1,1,0
번남,1,1,0,0,0,1,0,0,0,1,1,1,0
번 녀,1,1,0,0,0,1,0,0,0,1,1,1,0
번 남,1,1,0,0,0,1,0,0,0,1,1,1,0
대남,0,1,0,0,0,1,0,0,0,1,1,1,0
대녀,0,1,0,0,0,1,0,0,0,1,1,1,0
개념녀,0,1,0,0,0,0,0,0,0,0,1,0,0
개념남,0,1,0,0,0,0,0,0,0,0,1,0,0
냄저,0,0,0,0,0,0,0,0,0,1,1,0,0
빨갱,0,0,0,1,0,0,0,0,0,0,1,0,0
뷔페미,0,0,0,0,0,0,0,0,0,1,1,1,1
급남,0,1,0,0,0,1,0,0,0,1,1,0,1
등남,0,1,0,0,0,1,0,0,0,1,1,0,1
급녀,0,1,0,0,0,1,0,0,0,1,1,0,1
등녀,0,1,0,0,0,1,0,0,0,1,1,0,1
꼴페,0,0,0,1,0,1,0,0,0,1,1,1,1
문재앙,0,0,0,0,0,0,0,0,0,0,1,0,1
윤재앙,0,0,0,0,0,0,0,0,0,0,1,0,1
렬.이다,0,0,0,0,0,1,0,0,0,0,1,0,1
렬이다,0,0,0,0,0,1,0,0,0,0,1,0,1
쿵쾅,0,0,0,0,0,0,0,0,0,0,0,0,1
쿵.쾅,0,0,0,0,0,0,0,0,0,0,1,0,1
펨베,0,0,0,0,0,1,0,0,0,0,1,1,1
펨코,0,0,0,0,0,1,0,0,0,0,1,1,1
펨.코,0,0,0,0,0,1,0,0,0,0,1,1,1
엠팍,0,0,0,0,0,1,0,0,0,0,1,0,1
쿰.척,0,0,0,0,0,0,0,0,0,1,1,0,1
쿰척,0,0,0,0,0,0,0,0,0,1,1,0,1
ㅗㅜㅑ,0,0,1,0,0,1,0,0,0,1,1,0,1
오우야,0,0,1,0,0,0,0,0,0,1,0,0,1
껒여,0,0,0,1,0,0,0,0,0,0,1,0,0
꺼지세요,0,0,0,1,0,0,0,0,0,0,0,0,0
꺼져요,0,0,0,1,0,0,0,0,0,0,0,0,0
로 꺼져,0,0,0,1,0,0,0,0,0,0,1,0,0
로꺼져,0,0,0,1,0,0,0,0,0,0,1,0,0
로 꺼.져,0,0,0,1,0,0,0,0,0,0,1,0,0
꺼.지,0,0,0,1,0,0,0,0,0,0,1,0,0
꼴데,0,0,0,1,0,1,0,0,0,1,1,0,0
설거지론,0,0,0,0,0,0,0,0,0,1,1,0,1
퐁퐁남,0,1,0,0,1,1,0,0,0,1,1,0,1
퐁퐁녀,0,1,0,0,1,1,0,0,0,1,1,0,1
나빼썅,0,0,0,1,0,1,0,0,0,0,1,0,1
나쁜 새끼,0,1,0,1,0,0,0,0,0,0,0,0,0
넌씨눈,0,0,0,1,0,1,0,0,0,1,1,0,0
년놈,0,1,0,0,0,0,0,0,0,0,0,0,0
노알라,0,0,0,0,0,1,0,0,0,1,1,0,0
노인네,0,0,0,0,0,0,0,0,0,1,0,0,0
노친네,0,0,0,0,0,1,0,0,0,1,1,0,0
느그,0,0,0,0,0,0,0,0,0,0,1,0,0
느금,0,0,0,0,0,0,0,0,0,0,1,0,0
뇌 텅,0,0,0,0,0,0,0,0,0,0,1,0,0
뇌1텅,0,0,0,0,0,0,0,1,0,0,1,0,0
뇌텅,0,0,0,0,0,0,0,0,0,0,1,0,0
눈깔 파,0,0,0,1,0,0,0,0,0,0,1,0,0
눈깔파,0,0,0,1,0,0,0,0,0,0,1,0,0
눈새,0,1,0,0,0,1,0,0,0,1,1,0,0
늬믜,0,0,0,0,0,1,0,0,0,0,1,0,0
늬미,0,0,0,0,0,1,0,0,0,0,1,0,0
니년,0,1,0,0,0,0,0,0,0,0,1,0,0
니믜,0,0,0,0,0,1,0,0,0,0,1,0,0
니미럴,0,0,0,0,0,1,0,0,0,0,1,0,0
닝기리,0,0,0,0,0,1,0,0,0,0,1,0,0
닥1,0,0,0,0,0,1,0,1,0,0,1,0,0
닥2,0,0,0,0,0,1,0,1,0,0,1,0,0
닥전,0,0,0,0,0,1,0,0,0,0,1,0,0
닥쳐라,0,0,0,0,0,0,0,0,0,0,1,0,0
닥치세,0,0,0,0,0,1,0,0,0,0,1,0,0
닥후,0,0,0,0,0,1,0,0,0,0,1,0,0
대가리,0,1,0,0,0,0,0,0,0,0,0,0,0
머가리,0,0,0,0,0,0,0,0,0,0,1,0,0
머.가리,0,1,0,0,0,0,0,0,0,0,1,0,0
대.가리,0,1,0,0,0,0,0,0,0,0,1,0,0
대갈,0,1,0,0,0,1,0,0,0,0,1,0,0
덬,0,0,0,0,0,1,0,0,0,1,1,0,0
도라이,0,0,0,0,0,0,0,0,0,0,0,0,0
도랏,0,0,1,0,0,1,0,0,0,0,1,0,0
도랐,0,0,1,0,0,1,0,0,0,0,1,0,0
도른,0,0,0,0,0,0,0,0,0,0,1,0,0
돌앗구만,0,0,0,0,0,0,0,0,0,0,1,0,0
돌앗나,0,0,0,0,0,0,0,0,0,0,1,0,0
돌앗네,0,0,0,0,0,0,0,0,0,0,1,0,0
돌았구만,0,0,0,0,0,0,0,0,0,0,1,0,0
돌았나,0,0,0,0,0,0,0,0,0,0,1,0,0
돌았네,0,0,1,0,0,0,0,0,0,0,0,0,0
둄마,0,0,0,0,0,1,0,0,0,1,1,0,0
뒈져,0,0,0,0,0,0,0,0,0,0,1,0,0
뒤져라,0,0,0,0,0,0,0,0,0,0,1,0,0
뒤져버,0,0,0,0,0,0,0,0,0,0,1,0,0
뒤져야,0,0,0,0,0,0,0,0,0,0,1,0,0
뒤져야지,0,0,0,0,0,0,0,0,0,0,1,0,0
뒤져요,0,0,0,0,0,0,0,0,0,0,1,0,0
뒤졌,0,0,0,0,0,0,0,0,0,0,1,0,0
뒤지겠,0,0,0,0,0,0,0,0,0,0,1,0,0
뒤지고싶,0,0,0,0,0,1,0,0,0,0,1,0,0
뒤지길,0,0,0,0,0,0,0,0,0,0,1,0,0
뒤진다,0,0,0,0,0,0,0,0,0,0,0,0,0
뒤질,0,0,0,0,0,1,0,0,0,0,1,0,0
듣보,0,0,0,0,0,1,0,0,0,0,0,0,0
디져라,0,0,0,0,0,0,0,0,0,0,1,0,0
디졌,0,0,0,0,0,0,0,0,0,0,1,0,0
디지고,0,0,0,0,0,0,0,0,0,0,1,0,0
디질,0,0,0,0,0,1,0,0,0,0,1,0,0
딴년,0,1,0,1,0,0,0,0,0,0,1,0,0
또라이,0,1,0,1,0,0,0,0,0,0,0,0,0
또라인,0,1,0,1,0,0,0,0,0,0,1,0,0
똘아이,0,1,0,1,0,0,0,0,0,0,1,0,0
아재,0,0,0,0,0,0,0,0,0,0,0,0,0
네 아줌마,0,0,0,0,0,0,0,0,0,0,0,0,0
네 아저씨,0,0,0,1,0,0,0,0,0,0,0,0,0
네아줌마,0,0,0,0,0,0,0,0,0,0,0,0,0
네아저씨,0,0,0,1,0,0,0,0,0,0,0,0,0
뚝배기깨,0,0,0,1,0,0,0,0,0,1,1,0,0
뚝배기 깨,0,0,0,1,0,0,0,0,0,1,1,0,0
런놈,0,1,0,0,0,1,0,0,0,0,1,0,0
런년,0,1,0,0,0,1,0,0,0,0,1,0,0
럼들,0,1,0,0,0,1,0,0,0,0,1,0,0
레1친,0,0,0,0,0,0,0,1,0,0,1,0,0
레기같,0,0,0,0,0,1,0,0,0,0,1,0,0
레기네,0,0,0,0,0,1,0,0,0,0,1,0,0
레기다,0,0,0,0,0,1,0,0,0,0,1,0,0
레친,0,0,0,0,0,0,0,0,0,0,1,0,0
xy들,0,0,0,0,0,0,0,0,1,1,1,0,0
xx들,0,0,0,0,0,0,0,0,1,1,1,0,0
련들,0,1,0,0,0,0,0,0,0,0,1,0,0
롬들,0,1,0,0,0,0,0,0,0,0,1,0,0
ㅁ.ㄱ,0,0,0,0,0,1,0,0,0,0,1,0,0
ㅁㅊ,0,0,1,0,0,1,0,0,0,0,1,0,0
ㅁ친,0,0,1,0,0,1,0,0,0,0,1,0,0
미새,0,1,0,0,0,1,0,0,0,1,1,0,0
맘충,0,1,0,0,0,1,0,0,0,1,1,0,0
망돌,0,0,0,0,0,1,0,0,0,1,1,0,1
머갈,0,1,0,0,0,1,0,0,0,1,1,0,0
머리 텅,0,0,0,0,0,0,0,0,0,0,1,0,0
머리텅,0,0,0,0,0,0,0,0,0,0,1,0,0
먹.금,0,0,0,0,0,1,0,0,0,0,1,0,0
먹.끔,0,0,0,1,0,1,0,0,0,0,1,0,0
먹1금,0,0,0,0,0,1,0,1,0,0,1,0,0
먹금,0,0,0,0,0,1,0,0,0,0,1,0,0
먹끔,0,0,0,1,0,1,0,0,0,0,1,0,0
명존,0,0,0,0,0,1,0,0,0,1,1,0,0
뭔솔,0,0,0,0,0,1,0,0,0,0,1,0,0
믜칀,0,0,0,0,0,0,0,0,0,0,1,0,0
믜친,0,0,0,0,0,0,0,0,0,0,1,0,0
미1친,0,0,0,0,0,0,0,1,0,0,1,0,0
미놈,0,1,0,0,0,1,0,0,0,0,1,0,0
미시친발,0,0,0,0,0,0,0,0,0,1,1,0,0
미쳣네,0,0,1,0,0,0,0,0,0,0,1,0,0
미쳤니,0,0,0,0,0,0,0,0,0,0,1,0,0
미췬,0,0,1,0,0,0,0,0,0,0,1,0,0
미칀,0,0,1,0,0,0,0,0,0,0,1,0,0
미친 새,0,1,1,0,0,1,0,0,0,0,1,0,0
미친~,0,0,1,0,0,0,0,0,0,0,1,0,0
미친개,0,1,0,0,0,0,0,0,0,0,1,0,0
미친새,0,1,0,0,0,1,0,0,0,0,1,0,0
미친색,0,0,0,0,0,1,0,0,0,0,1,0,0
미틴,0,0,0,0,0,0,0,0,0,0,1,0,0
및힌,0,0,1,0,0,0,0,0,0,0,1,0,0
줘패,0,0,0,0,0,1,0,0,0,0,1,0,0
꼬추,0,0,0,1,0,0,0,0,0,0,0,1,0
미치ㄴ,0,1,1,0,0,1,0,0,0,0,1,0,0
ㅅ.ㄲ,0,0,0,1,0,1,0,0,0,0,1,0,0
색퀴,0,0,0,0,0,0,0,0,0,0,1,0,0
ㅅ끼,0,1,0,1,0,1,0,0,0,0,1,0,0
흉자,0,0,0,0,0,0,0,0,0,0,1,1,1
미친넘,0,1,0,0,1,0,0,0,0,0,1,0,0
및친,0,0,1,0,0,0,0,0,0,0,1,0,0
GR도,0,0,0,0,0,0,0,0,1,0,1,0,0
미핀놈,0,1,0,0,1,0,0,0,0,0,1,0,0
샛기,0,1,0,0,0,0,0,0,0,0,1,0,0
폐급,0,0,0,0,0,0,0,0,0,0,0,0,0
G랄,0,0,0,0,0,0,0,0,1,0,1,0,0
세키,0,1,0,0,0,0,0,0,0,0,1,0,0
미치누,0,0,1,0,0,0,0,0,0,0,1,0,0
d져,0,0,0,0,0,0,0,0,1,0,1,0,0
ㅂㅁㄱ,0,0,0,0,0,1,0,0,0,1,1,0,0
ㅂㅊ,0,0,0,0,0,1,0,0,0,0,1,0,1
ㅂ크,0,0,0,0,0,1,0,0,0,1,1,0,0
발놈,0,1,0,0,0,1,0,0,0,0,1,0,0
별창,0,1,0,0,0,1,0,0,0,0,1,1,1
병1신,0,0,1,0,0,0,0,1,0,0,1,0,0
병맛,0,0,0,0,0,1,0,0,0,0,1,0,0
병신,0,0,0,0,0,0,0,0,0,0,0,0,0
봊,0,0,0,0,0,1,0,0,0,0,1,1,0
보전깨,0,0,0,1,0,1,0,0,0,1,1,1,1
싸개,0,0,0,1,0,0,0,0,0,0,1,1,0
븅신,0,0,1,0,0,0,0,0,0,0,1,0,0
빠큐,0,0,0,1,0,0,0,0,0,0,1,0,0
빡새끼,1,1,0,1,0,1,0,0,0,0,1,0,0
빻았,0,0,0,1,0,0,0,0,0,0,1,0,0
빻은,0,0,0,1,0,0,0,0,0,0,1,0,0
뻐규,0,0,0,1,0,0,0,0,0,0,1,0,0
뻐큐,0,0,0,1,0,0,0,0,0,0,1,0,0
뻑유,0,0,0,1,0,0,0,0,0,0,1,0,0
뻑큐,0,0,0,1,0,0,0,0,0,0,1,0,0
뻨큐,0,0,0,1,0,0,0,0,0,0,1,0,0
뼈큐,0,0,0,1,0,0,0,0,0,0,1,0,0
쉰내,0,0,0,0,0,0,0,0,0,0,1,0,0
ㅄ,0,0,1,0,0,1,0,0,0,0,1,0,0
ㅅ,1,0,1,0,0,1,0,0,0,0,1,0,0
ㅂ,1,0,1,0,0,1,0,0,0,0,1,0,0
ㅅ.ㅂ,1,0,1,0,0,1,0,0,0,0,1,0,0
ㅅ1ㅂ,1,0,1,0,0,1,0,1,0,0,1,0,0
ㅅ1발,1,0,1,0,0,1,0,1,0,0,1,0,0
ㅅㄲ네,0,1,0,1,0,1,0,0,0,0,1,0,0
ㅅㄲ들,0,1,0,1,0,1,0,0,0,0,1,0,0
친ㅅㄲ,0,1,0,1,0,1,0,0,0,0,1,0,0
친 ㅅㄲ,0,1,0,1,0,1,0,0,0,0,1,0,0
ㅅ1ㄲ,0,1,0,1,0,1,0,1,0,0,1,0,0
ㅅㅋ,0,1,0,0,0,1,0,0,0,0,1,0,0
ㅅㅌㅊ,0,0,0,0,0,1,0,0,0,0,1,0,0
사새끼,0,1,0,1,1,0,0,0,0,0,1,0,0
새.끼,0,1,0,1,0,0,0,0,0,0,1,0,0
새1끼,0,1,0,1,0,0,0,1,0,0,1,0,0
새1키,0,1,0,0,0,0,0,1,0,0,1,0,0
새77ㅣ,0,1,0,1,0,0,0,1,0,0,1,0,0
새끼라,0,1,0,1,0,0,0,0,0,0,1,0,0
새끼야,0,1,0,1,0,0,0,0,0,0,1,0,0
새퀴,0,1,0,0,0,0,0,0,0,0,1,0,0
새킈,0,0,0,0,0,0,0,0,0,0,1,0,0
새키,0,1,0,0,0,0,0,0,0,0,1,0,0
색희,0,1,0,0,0,0,0,0,0,0,1,0,0
색히,0,1,0,0,0,0,0,0,0,0,1,0,0
샊기,0,1,0,1,0,0,0,0,0,0,1,0,0
샊히,0,1,0,1,0,0,0,0,0,0,1,0,0
샹년,1,1,0,0,0,0,0,0,0,0,1,0,0
섀키,0,1,0,0,0,0,0,0,0,0,1,0,0
섬숭이,0,0,0,0,0,1,0,0,0,1,1,0,0
성괴,0,0,0,0,0,1,0,0,0,1,1,0,0
솔1친,0,0,0,0,0,0,0,1,0,0,1,0,0
솔친,0,0,0,0,0,0,0,0,0,0,1,0,0
쉬발,1,0,1,0,0,0,0,0,0,0,1,0,0
쉬버,1,0,1,0,0,0,0,0,0,0,1,0,0
쉬이바,1,0,1,0,0,0,1,0,0,0,1,0,0
쉬이이,1,0,1,0,0,1,1,0,0,0,1,0,0
쉬펄,1,0,1,0,0,0,0,0,0,0,1,0,0
슈1발,1,0,0,0,0,0,0,1,0,0,1,0,0
슈레기,0,0,0,0,0,0,0,0,0,0,1,0,0
슈발,1,0,0,0,0,0,0,0,0,0,1,0,0
슈벌,1,0,1,0,0,0,0,0,0,0,1,0,0
슈우벌,1,0,1,0,0,0,1,0,0,0,1,0,0
슈ㅣ발,1,0,1,0,0,0,1,0,0,0,1,0,0
스벌,1,0,1,0,0,0,0,0,0,0,1,0,0
슨상님,0,1,0,0,0,0,0,0,0,0,1,0,0
싑창,1,0,0,0,0,0,0,0,0,0,1,0,0
시1발,1,0,1,0,0,0,0,1,0,0,1,0,0
시미발친,1,0,0,0,0,0,0,0,0,0,1,0,0
시미친발,1,0,0,0,0,0,0,0,0,0,1,0,0
시바라지,1,0,0,0,0,0,0,0,0,0,1,0,0
시바류,1,0,0,0,0,0,0,0,0,0,1,0,0
시바시바,1,0,0,0,0,0,0,0,0,0,1,0,0
시바알,1,0,1,0,0,0,1,0,0,0,1,0,0
시발,1,0,1,0,0,0,0,0,0,0,0,0,0
ㅅㅂ,1,0,1,0,0,1,0,0,0,0,1,0,0
닥 쳐,0,0,0,0,0,0,0,0,0,0,1,0,0
하남자,0,1,0,0,1,0,0,0,0,1,1,0,0
하여자,0,1,0,0,1,0,0,0,0,1,1,0,0
쌉스,0,0,0,1,0,0,0,0,0,0,1,0,0
썩열,0,0,0,1,0,0,0,0,0,1,1,0,1
썩렬,0,0,0,1,0,0,0,0,0,1,1,0,1
쎡열,0,0,0,1,0,0,0,0,0,1,1,0,1
쎡렬,0,0,0,1,0,0,0,0,0,1,1,0,1
먹버,0,0,0,0,0,1,0,0,0,1,1,0,0
대깨,0,0,0,1,0,1,0,0,0,1,1,0,1
야랄,0,0,0,0,0,0,0,0,0,1,1,0,0
ㅂㅅ,0,0,1,0,0,1,0,0,0,0,1,0,0
ㅂ.ㅅ,0,0,1,0,0,1,0,0,0,0,1,0,0
ㅂ1ㅅ,0,0,1,0,0,1,0,1,0,0,1,0,0
한남노,0,0,0,0,0,0,0,0,0,1,1,0,1
한1남,0,1,0,0,0,1,0,1,0,1,1,0,1
한남을,0,0,0,0,0,1,0,0,0,1,1,0,1
버튼눌,0,0,0,0,0,0,0,0,0,1,1,0,1
버튼 눌,0,0,0,0,0,0,0,0,0,1,1,0,1
발작,0,0,0,0,0,0,0,0,0,1,0,0,1
발.작,0,0,0,0,0,0,0,0,0,1,1,0,1
싸튀,0,0,0,1,0,1,0,0,0,1,1,0,0
렬받,0,0,0,0,0,1,0,0,0,1,1,0,1
렬스,0,0,0,0,0,1,0,0,0,1,1,0,1
렬 한,0,0,0,0,0,1,0,0,0,1,1,0,1
렬 받,0,0,0,0,0,1,0,0,0,1,1,0,1
렬 하,0,0,0,0,0,1,0,0,0,1,1,0,1
렬 스,0,0,0,0,0,1,0,0,0,1,1,0,1
멍.청,0,0,0,0,0,0,0,0,0,0,1,0,0
아줌내,0,0,0,0,0,0,0,0,0,0,1,0,0
머깨,0,0,0,1,0,1,0,0,0,1,1,0,1
ㅅㄹ스,0,0,0,0,0,1,0,0,0,1,1,0,1
ㅅㄹ하,0,0,0,0,0,1,0,0,0,1,1,0,1
ㅅㄹ같,0,0,0,0,0,1,0,0,0,1,1,0,1
석열하,0,0,0,0,0,0,0,0,0,1,1,0,1
석열스,0,0,0,0,0,0,0,0,0,1,1,0,1
ㅅㅇ스,0,0,0,0,0,1,0,0,0,1,1,0,1
ㅅㅇ같,0,0,0,0,0,1,0,0,0,1,1,0,1
ㅅㅇ하,0,0,0,0,0,1,0,0,0,1,1,0,1
등신아,0,0,0,0,1,0,0,0,0,0,1,0,0
미친것,0,1,0,0,0,0,0,0,0,0,1,0,0
개때리,1,0,0,1,0,0,0,0,0,0,1,0,0
개떄려,1,0,0,1,0,0,0,0,0,0,1,0,0
염병하,0,0,0,0,0,0,0,0,0,0,1,0,0
염병짓,0,0,0,0,0,0,0,0,0,0,1,0,0
종간나,0,0,0,0,0,0,0,0,0,0,1,0,0
빠가사리,1,0,0,1,0,0,0,0,0,0,1,0,0
새기들,0,1,0,0,0,0,0,0,0,0,1,0,0
애새기,0,1,0,0,0,0,0,0,0,0,1,0,0
시방새,1,1,0,0,0,0,0,0,0,0,1,0,0
시벌탱,0,0,0,0,0,0,0,0,0,0,1,0,0
시볼탱,0,0,0,0,0,0,0,0,0,0,1,0,0
시부럴,0,0,0,0,0,0,0,0,0,0,1,0,0
시부렬,0,0,0,0,0,0,0,0,0,0,1,0,0
시부울,0,0,1,0,0,0,1,0,0,0,1,0,0
시뷰럴,0,0,1,0,0,0,0,0,0,0,1,0,0
시뷰렬,0,0,1,0,0,0,0,0,0,0,1,0,0
시빨,1,0,1,1,0,0,0,0,0,0,1,0,0
시새발끼,1,1,0,1,0,0,0,0,0,1,1,0,0
시이발,1,0,1,0,0,0,1,0,0,0,1,0,0
시친발미,1,0,0,0,0,0,0,0,0,1,1,0,0
시키가,0,1,0,0,0,0,0,0,0,0,1,0,0
시팔,1,0,1,0,0,0,0,0,0,0,1,0,0
시펄,1,0,1,0,0,0,0,0,0,0,1,0,0
십창,0,0,0,0,0,0,0,0,0,0,1,0,0
퐁퐁단,0,0,0,0,0,0,0,0,0,1,1,0,1
십팔,1,0,1,0,0,0,0,0,0,0,1,0,0
ㅆ1ㄺ,0,1,1,1,0,1,0,1,0,0,1,0,0
ㅆ1ㅂ,1,0,1,1,0,1,0,1,0,0,1,0,0
ㅆㄹㄱ,0,1,0,1,1,1,0,0,0,0,1,0,0
ㅆㄺ,0,1,0,1,1,1,0,0,0,0,1,0,0
ㅆㅂ,1,0,1,1,0,1,0,0,0,0,1,0,0
싸가지 없,0,0,0,1,0,0,0,0,0,0,1,0,0
싸가지없,0,0,0,1,0,0,0,0,0,0,1,0,0
싸물어,0,0,0,1,0,0,0,0,0,0,1,0,0
쌍년,1,1,0,1,1,0,0,0,0,0,1,0,0
쌍놈,1,1,0,1,1,0,0,0,0,0,1,0,0
쌔끼,0,1,0,1,0,0,0,0,0,0,1,0,0
썅,1,0,0,1,0,0,0,0,0,0,1,0,0
썌끼,0,1,0,1,0,0,0,0,0,0,1,0,0
쒸펄,0,0,1,1,0,0,0,0,0,0,1,0,0
쓰1레기,0,1,0,1,1,0,0,1,0,0,1,0,0
쓰래기같,0,1,0,1,1,1,0,0,0,0,1,0,0
쓰레기 새,0,1,0,1,0,0,0,0,0,0,1,0,0
쓰레기새,0,1,0,1,0,0,0,0,0,0,1,0,0
쓰렉,0,1,0,1,1,1,0,0,0,0,1,0,0
씝창,0,1,0,1,0,0,0,0,0,0,1,0,0
씨1발,1,0,1,1,0,0,0,1,0,0,1,0,0
씨바라,1,0,1,1,0,0,1,0,0,0,1,0,0
씨바알,1,0,1,1,0,0,1,0,0,0,1,0,0
씨발,0,0,1,1,0,0,0,0,0,0,1,0,0
씨.발,1,0,1,1,0,0,0,0,0,0,1,0,0
씨방새,1,1,0,1,0,1,0,0,0,0,1,0,0
씨버럼,1,1,1,1,0,0,1,0,0,0,1,0,0
씨벌,1,0,1,1,0,0,0,0,0,0,1,0,0
씨벌탱,1,0,1,1,0,0,0,0,0,0,1,0,0
씨볼탱,1,0,1,1,0,0,0,0,0,0,1,0,0
씨부럴,1,0,1,1,0,0,1,0,0,0,1,0,0
씨부렬,1,0,1,1,0,0,1,0,0,0,1,0,0
씨뷰럴,1,0,1,1,0,0,0,0,0,0,1,0,0
씨뷰렬,1,0,1,1,0,0,0,0,0,0,1,0,0
씨빠빠,0,0,0,1,0,0,0,0,0,0,1,0,0
씨빨,1,0,1,1,0,0,0,0,0,0,1,0,0
씨뻘,1,0,1,1,0,0,0,0,0,0,1,0,0
씨새발끼,1,1,0,1,0,0,0,0,0,0,1,0,0
씨이발,1,0,1,1,0,0,1,0,0,0,1,0,0
씨팔,1,0,1,1,0,0,0,0,0,0,1,0,0
씹귀,1,0,0,1,0,1,0,0,0,1,1,0,0
씹못,1,0,0,1,0,1,0,0,0,1,1,0,0
씹뻐럴,1,0,0,1,0,0,0,0,0,0,1,0,0
씹새끼,1,1,1,1,1,0,0,0,0,0,1,0,0
씹쌔,1,1,1,1,0,0,0,0,0,0,1,0,0
씹창,1,1,0,1,0,1,0,0,0,0,1,0,0
씹치,1,0,1,1,0,1,0,0,0,1,1,0,0
씹팔,1,0,1,1,0,0,0,0,0,0,1,0,0
씹할,1,0,0,1,0,0,0,0,0,0,1,0,0
아가리,0,0,0,0,0,0,0,0,0,0,0,0,0
아닥,0,0,0,0,0,1,0,0,0,0,1,0,0
더쿠,0,0,0,0,0,1,0,0,0,0,1,0,1
더.쿠,0,0,0,0,0,1,0,0,0,0,1,0,1
ㄷㅋ,0,0,0,0,0,1,0,0,0,0,1,0,0
아오 ㅅㅂ,0,0,1,0,0,1,0,0,0,0,1,0,0
아오 시바,0,0,1,0,0,0,0,0,0,0,1,0,0
아오ㅅㅂ,0,0,1,0,0,1,0,0,0,0,1,0,0
아오시바,0,0,0,0,0,0,0,0,0,0,1,0,0
안물안궁,0,0,0,0,0,1,0,0,0,1,1,0,0
애미,0,0,0,0,0,0,0,0,0,0,0,0,0
앰창,0,1,0,0,0,1,0,0,0,1,1,0,0
닥눈삼,0,0,0,0,0,1,0,0,0,1,1,0,0
에라이 퉤,0,0,0,0,0,0,0,0,0,0,1,0,0
에라이 퉷,0,0,0,0,0,0,0,0,0,0,0,0,0
에라이퉤,0,0,0,0,0,0,0,0,0,0,1,0,0
에라이퉷,0,0,0,0,0,0,0,0,0,0,1,0,0
엠뷩신,0,0,0,0,0,1,0,0,0,0,1,0,0
엠븽신,0,0,0,0,0,1,0,0,0,0,1,0,0
엠빙신,0,0,0,0,0,1,0,0,0,0,1,0,0
시녀,0,0,0,0,0,0,0,0,0,0,1,0,0
엠생,0,0,0,0,0,1,0,0,0,1,1,0,0
엠창,0,0,0,0,0,1,0,0,0,1,1,0,0
엿같,0,0,0,0,0,0,0,0,0,0,1,0,0
엿이나,0,0,0,0,0,0,0,0,0,0,1,0,0
예.질,0,0,0,0,0,1,0,0,0,1,1,0,0
예1질,0,0,0,0,0,1,0,1,0,1,1,0,0
예질,0,0,0,0,0,1,0,0,0,1,1,0,0
옘병,0,0,0,0,0,0,0,0,0,1,1,0,0
외1퀴,0,0,0,0,0,1,0,1,0,1,1,0,0
외퀴,0,0,0,0,0,1,0,0,0,1,1,0,0
웅앵,0,0,0,0,0,0,0,0,0,1,1,1,1
웅엥,0,0,0,0,0,0,0,0,0,1,1,1,1
은년,0,1,0,0,0,1,0,0,0,0,1,0,0
은새끼,0,1,0,1,1,1,0,0,0,0,1,0,0
이 새끼,0,1,0,1,1,1,0,0,0,0,1,0,0
이새끼,0,1,0,1,0,0,0,0,0,0,1,0,0
입 털,0,0,0,0,0,0,0,0,0,0,1,0,0
입털,0,0,0,0,0,0,0,0,0,0,1,0,0
ㅈ.ㄴ,0,0,0,0,0,1,0,0,0,0,1,0,0
ㅈ소,0,0,0,0,0,1,0,0,0,1,1,1,0
ㅈㄴ,0,0,0,0,0,1,0,0,0,0,1,0,0
ㅈㄹ,0,0,1,0,0,1,0,0,0,0,1,0,0
지잡,0,0,0,0,0,1,0,0,0,1,1,0,0
절라,0,0,0,0,0,0,0,0,0,0,1,0,0
정신나갓,0,0,0,0,0,0,0,0,0,0,1,0,0
정신나갔,0,0,0,0,0,0,0,0,0,0,1,0,0
젖 같,0,0,0,0,0,0,0,0,0,0,1,0,0
젗같,0,0,0,0,0,0,0,0,0,0,1,0,0
젼나,0,0,0,0,0,0,0,0,0,0,1,0,0
젼낰,0,0,0,0,0,0,0,0,0,0,1,0,0
졀라,0,0,0,0,0,0,0,0,0,0,1,0,0
졀리,0,0,0,0,0,0,0,0,0,0,1,0,0
졌같은,0,0,0,0,0,0,0,0,0,0,1,1,0
졏 같,0,0,0,0,0,0,0,0,0,0,1,1,0
조온,0,0,0,0,0,0,1,0,0,0,1,0,0
조온나,0,0,0,0,0,0,1,0,0,0,1,0,0
족까,0,0,0,1,0,0,0,0,0,0,1,1,0
존 나,0,0,0,0,0,0,0,0,0,0,1,0,0
존.나,0,0,0,0,0,0,0,0,0,0,1,0,0
존1나,0,0,0,0,0,0,0,1,0,0,1,0,0
멍청,0,0,0,0,0,1,0,0,0,0,1,0,0
능지,0,0,0,0,0,0,0,0,0,0,1,0,0
조센징,0,0,0,0,1,0,0,0,0,0,1,0,0
짱깨,0,0,0,1,1,0,0,0,0,0,1,0,0
짱개,0,0,0,1,1,0,0,0,0,0,1,0,0
짱꼴라,0,0,0,1,1,0,0,0,0,0,1,0,0
착짱죽짱,0,0,0,1,0,1,0,0,0,0,1,0,0
짱골라,0,0,0,1,1,0,0,0,0,0,1,0,0
좃,0,0,0,0,0,0,0,0,0,0,1,1,0
종나,0,0,0,0,0,0,0,0,0,0,1,0,0
곱창났,0,0,0,0,0,0,0,0,0,1,1,1,0
곱창나,0,0,0,0,0,0,0,0,0,1,1,1,0
좆,0,0,0,0,0,0,0,0,0,0,1,1,0
좁밥,0,0,0,0,0,0,0,0,0,0,1,1,0
좋소,0,0,0,1,0,0,0,0,0,0,1,1,0
좇같,0,0,0,0,0,0,0,0,0,0,1,1,0
죠낸,0,0,0,0,0,0,0,0,0,0,1,0,0
죠온나,0,0,0,0,0,0,1,0,0,0,1,0,0
죤나,0,0,0,0,0,0,0,0,0,0,1,0,0
죤내,0,0,0,0,0,0,0,0,0,0,1,0,0
죵나,0,0,0,0,0,0,0,0,0,0,1,0,0
죶,0,0,0,0,0,0,0,0,0,0,0,1,0
죽어버려,0,0,0,0,0,0,0,0,0,0,0,0,0
죽여 버리고,0,0,0,0,0,0,0,0,0,0,0,0,0
죽여버리고,0,0,0,0,0,0,0,0,0,0,0,0,0
죽여불고,0,0,0,0,0,0,0,0,0,0,1,0,0
죽여뿌고,0,0,0,1,0,0,0,0,0,0,1,0,0
줬같은,0,0,0,0,0,0,0,0,0,0,1,1,0
쥐랄,0,0,1,0,0,0,0,0,0,0,1,0,0
쥰나,0,0,0,0,0,0,0,0,0,0,1,0,0
쥰내,0,0,0,0,0,0,0,0,0,0,1,0,0
쥰니,0,0,0,0,0,0,0,0,0,0,1,0,0
즤랄,0,0,1,0,0,0,0,0,0,0,1,0,0
지 랄,0,0,1,0,0,0,0,0,0,0,0,0,0
지1랄,0,0,1,0,0,0,0,1,0,0,1,0,0
지1뢰,0,0,1,0,0,0,0,1,0,0,1,0,0
지껄이,0,0,0,1,0,0,0,0,0,1,1,0,0
지들이,0,0,0,0,0,0,0,0,0,0,1,0,0
지랄,0,0,1,0,0,0,0,0,0,0,0,0,0
지롤,0,0,0,0,0,0,0,0,0,0,1,0,0
렬같,0,0,0,0,0,1,0,0,0,0,1,0,1
열같,0,0,0,0,0,1,0,0,0,0,1,0,1
렬 같,0,0,0,0,0,1,0,0,0,0,1,0,1
열 같,0,0,0,0,0,1,0,0,0,0,1,0,1
석 렬,0,0,0,0,0,0,0,0,0,0,1,0,1
썩 렬,0,0,0,1,0,0,0,0,0,0,1,0,1
썩 열,0,0,0,1,0,0,0,0,0,0,1,0,1
찢재,0,0,0,1,0,1,0,0,0,0,1,0,1
찢 재,0,0,0,1,0,1,0,0,0,0,1,0,1
찢1,0,0,0,1,0,1,0,1,0,0,1,0,1
우동사리,0,0,0,0,0,0,0,0,0,0,1,0,0
ㅁ청,0,0,0,0,0,1,0,0,0,0,1,0,0
렬.하,0,0,0,0,0,1,0,0,0,0,1,0,1
열.하,0,0,0,0,0,1,0,0,0,0,1,0,1
ㅉ,0,0,0,1,0,1,0,0,0,0,1,0,0
ㅉ질한,0,0,0,1,0,1,0,0,0,0,1,0,0
꼴라,0,0,0,1,0,1,0,0,0,0,1,0,0
꿜라,0,0,0,1,0,1,0,0,0,0,1,0,0
짱께,0,0,0,1,1,0,0,0,0,0,1,0,0
쪼녜,0,0,0,1,0,1,0,0,0,0,1,0,0
쪼다,0,0,0,1,0,0,0,0,0,0,1,0,0
착짱죽짱,0,0,0,1,0,1,0,0,0,0,1,0,0
쪽본,0,0,0,1,0,1,0,0,0,0,1,0,0
쪽1바리,0,0,0,1,1,0,0,1,0,0,1,0,0
쪽바리,0,0,0,1,1,0,0,0,0,0,1,0,0
쪽발,0,0,0,1,0,1,0,0,0,0,1,0,0
쫀 맛,0,0,0,1,0,1,0,0,0,0,1,0,0
쫀귀,0,0,0,1,0,1,0,0,0,0,1,0,0
쫀맛,0,0,0,1,0,1,0,0,0,0,1,0,0
쫂,0,0,0,1,0,1,0,0,0,0,1,0,0
쫓같,0,0,0,1,0,1,0,0,0,0,1,0,0
쬰잘,0,0,0,1,0,1,0,0,0,0,1,0,0
쯰질,0,0,0,1,0,0,0,0,0,0,1,0,0
찌1질,0,0,0,1,0,0,0,1,0,0,1,0,0
찌질한,0,0,0,1,0,0,0,0,0,0,1,0,0
찍찍이,0,0,0,1,0,0,0,0,0,0,1,0,0
찎찎이,0,0,0,1,0,0,0,0,0,0,1,0,0
찝째끼,0,0,0,1,0,0,0,0,0,0,1,0,0
창년,0,1,0,0,0,0,0,0,0,0,1,1,0
창녀,0,1,0,0,0,0,0,0,0,0,1,1,0
창남,0,1,0,0,0,0,0,0,0,0,1,1,0
창놈,0,1,0,0,0,0,0,0,0,0,1,1,0
창넘,0,1,0,0,0,0,0,0,0,0,1,1,0
처먹,1,0,0,0,0,1,0,0,0,0,1,0,0
첫빠,0,1,0,1,0,0,0,0,0,0,1,0,0
쳐마,1,0,0,0,0,0,0,0,0,0,1,0,0
쳐먹,1,0,0,0,0,0,0,0,0,0,1,0,0
쳐받는,1,0,0,0,0,0,0,0,0,0,1,0,0
쳐발라,1,0,0,0,0,0,0,0,0,0,1,0,0
취ㅈ,0,0,0,0,0,1,0,0,0,0,1,0,0
취좃,0,0,0,0,0,1,0,0,0,0,1,1,0
친 년,0,1,0,0,1,1,0,0,0,0,1,0,0
한 년,0,1,0,0,1,1,0,0,0,0,1,0,0
친 놈,0,1,0,0,1,1,0,0,0,0,1,0,0
친구년,0,1,0,0,1,0,0,0,0,0,1,0,0
친년,0,1,0,0,1,1,0,0,0,0,1,0,0
한년,0,1,0,0,0,1,0,0,0,0,1,0,0
친노마,0,1,0,0,1,1,0,0,0,0,1,0,0
친놈,0,1,0,0,1,1,0,0,0,0,1,0,0
ㅍㅌㅊ,0,0,0,0,0,1,0,0,0,0,1,0,1
핑1프,0,0,0,0,1,1,0,1,0,1,1,0,0
핑거프린세스,0,0,0,0,1,0,0,0,0,1,0,0,0
핑프,0,0,0,0,1,1,0,0,0,1,1,0,0
ㅎㅃ,0,0,0,1,0,1,0,0,0,0,1,1,0
ㅎㅌㅊ,0,0,0,0,0,1,0,0,0,0,1,0,1
헛소리,1,0,0,0,0,0,0,0,0,0,0,0,0
손놈,0,1,0,0,0,1,0,0,0,0,1,0,0
호로새끼,0,1,0,1,1,0,0,0,0,0,0,0,0
호로잡,0,0,0,0,1,0,0,0,0,0,1,0,0
화낭년,0,1,0,0,0,0,0,0,0,0,1,1,0
화냥년,0,1,0,0,0,0,0,0,0,0,1,1,0
후.려,0,0,0,0,0,0,0,0,0,0,1,0,0
후1려,0,0,0,0,0,0,0,1,0,0,1,0,0
후1빨,0,0,0,1,0,1,0,1,0,0,1,1,0
후려,0,0,0,0,0,0,0,0,0,0,1,0,0
후빨,0,0,0,1,0,1,0,0,0,0,1,1,0
 ㅗ,0,0,0,0,0,0,0,0,0,0,1,0,0
좆같,1,0,0,0,0,0,0,0,0,0,1,1,0
좆됐다,1,0,1,0,0,0,0,0,0,0,1,1,0
개새끼,1,1,0,1,0,0,0,0,0,0,0,0,0
또라이,0,1,0,1,0,0,0,0,0,0,0,0,0
호구,0,1,0,0,0,0,0,0,0,1,0,0,0
개소리,1,0,0,0,0,0,0,0,0,0,0,0,0
급식충,0,1,0,0,0,0,0,0,0,0,1,0,0
닥쳐,0,0,0,0,0,0,0,0,0,0,0,0,0
등신,0,0,0,0,0,0,0,0,0,0,0,0,0
빡대가리,0,1,0,1,0,0,0,0,0,0,1,0,0
싸가지,0,0,0,1,0,0,0,0,0,0,0,0,0
찐따,0,0,0,1,0,0,0,0,0,0,0,0,0
샹놈,0,1,0,0,0,0,0,0,0,0,1,0,0
$ㅅㅂ,0,0,0,0,0,1,0,0,0,0,1,0,0
간나,0,0,0,0,0,0,0,0,0,1,1,0,0
갈보,0,0,0,0,0,1,0,0,0,0,1,1,0
개,1,0,0,0,0,0,0,0,0,0,1,0,0
개나리,0,0,0,0,0,0,0,0,0,0,1,0,0
개돼지,1,0,0,0,0,0,0,0,0,0,0,0,0
개차반,0,0,0,0,0,0,0,0,0,0,1,0,0
걸레,0,0,0,0,0,0,0,0,0,0,0,1,0
꼬걸,0,0,0,1,0,1,0,0,0,0,0,1,0
경을 칠 놈,0,1,0,0,1,0,0,0,0,0,0,0,0
고자,0,0,0,0,0,0,0,0,0,0,0,1,0
과메기,0,0,0,0,0,0,0,0,0,0,0,0,0
그지깽깽이,0,0,0,1,1,0,0,0,0,0,1,0,0
금붕어,0,0,0,0,0,0,0,0,0,0,0,0,0
깜둥이,0,0,0,1,0,0,0,0,0,0,0,0,0
꺼벙이,0,0,0,1,0,0,0,0,0,0,0,0,0
꺼져,0,0,0,1,0,0,0,0,0,0,0,0,0
꼬라보다,0,0,0,1,0,0,0,0,0,0,0,0,0
꼬붕,0,0,0,1,0,0,0,0,0,0,1,0,0
꼰대,0,0,0,1,0,0,0,0,0,1,0,0,0
꼴불견,0,0,0,1,0,0,0,0,0,0,1,0,0
꼴통,0,0,0,1,0,0,0,0,0,1,0,0,0
남창,0,1,0,0,0,0,0,0,0,0,0,1,0
냄비,0,0,0,0,0,0,0,0,0,0,0,0,0
ㄴㄷㅆ,0,0,0,0,0,1,0,0,0,0,1,0,0
연놈,0,0,0,0,0,0,0,0,0,0,1,0,0
논다니,0,0,0,0,0,0,0,0,0,0,1,0,0
눈 깔아,0,0,0,1,0,0,0,0,0,0,1,0,0
니미럴,0,0,0,0,0,1,0,0,0,0,1,0,0
니미뽕,0,0,0,1,0,1,0,0,0,0,1,0,0
니거,0,0,0,0,0,0,0,0,0,1,0,0,0
나가 죽어,0,0,0,0,0,0,0,0,0,0,0,0,0
다신 이세상에 내려올 생각도 하지말어 ,0,0,0,0,0,0,0,0,0,0,0,0,0
덜떨어지다,0,0,0,1,0,0,0,0,0,0,0,0,0
돌았다,0,0,0,0,1,0,0,0,0,0,0,0,0
되놈,0,1,0,0,0,1,0,0,0,0,1,0,0
뒈지다,0,0,0,0,0,0,0,0,0,0,1,0,0
따까리,0,0,0,1,0,0,0,0,0,1,0,0,0
딸딸이 부대,0,0,0,1,1,0,0,0,0,1,1,1,0
땡추,0,0,0,1,0,1,0,0,0,0,1,0,0
떨거지,0,0,0,1,0,0,0,0,0,0,1,0,0
똘마니,0,0,0,1,0,0,0,0,0,0,1,0,0
똘추,0,0,0,1,0,0,0,0,0,0,1,1,0
똥,0,0,0,1,0,0,0,0,0,0,1,0,0
똥개,0,0,0,1,0,0,0,0,0,0,0,0,0
똥꼬충,0,1,0,1,0,0,0,0,0,0,1,0,0
띨빵,0,0,0,1,0,0,0,0,0,0,1,0,0
띨띨이,0,0,0,1,0,0,0,0,0,0,1,0,0
레기,0,1,0,0,0,1,0,0,0,0,1,0,0
렉카충,0,1,0,0,0,1,0,0,0,0,1,0,0
로리콘,0,0,0,0,0,1,0,0,0,0,1,0,1
루저,0,0,0,0,0,0,0,0,0,0,1,0,0
말하는 가축,0,0,0,0,0,0,0,0,0,1,1,0,0
망나니,0,0,0,0,0,0,0,0,0,0,0,0,0
맘충,0,1,0,0,0,1,0,0,0,1,1,0,0
매국노,0,0,0,0,0,0,0,0,0,1,1,0,0
머저리,0,0,0,0,0,0,0,0,0,0,1,0,0
먹사,0,0,0,0,0,1,0,0,0,0,1,0,0
멍청도,0,0,0,0,0,1,0,0,0,1,1,0,0
멍청이,0,0,0,0,0,0,0,0,0,0,0,0,0
메갈리아,0,0,0,0,1,0,0,0,0,0,1,0,1
멧돼지,0,0,0,0,0,0,0,0,0,0,0,0,0
모자라다,0,0,0,0,0,0,0,0,0,0,1,0,0
몸빵,0,1,0,0,0,1,0,0,0,0,0,0,0
무뇌,0,0,0,0,0,0,0,0,0,1,0,0,0
미제,0,0,0,0,0,0,0,0,0,0,1,0,0
미치광이,0,0,0,0,1,0,0,0,0,0,0,0,0
미친,0,0,1,0,0,0,0,0,0,0,0,0,0
미친개,0,0,0,0,0,0,0,0,0,0,0,0,0
바보,0,0,0,0,0,0,0,0,0,0,0,0,0
바보멍청이해삼멍게말미잘,0,0,0,0,1,0,0,0,0,0,0,0,0
반푼이,0,0,0,0,0,0,0,0,0,0,1,0,0
븅딱,0,0,0,1,0,0,0,0,0,0,1,0,0
보슬아치,0,0,0,0,0,0,0,0,0,0,1,1,1
보전깨,0,0,0,1,0,1,0,0,0,0,1,0,1
보추,0,0,0,0,0,1,0,0,0,0,1,0,1
부모 홀수인 새끼,0,1,0,1,0,0,0,0,0,0,0,0,0
불한당,0,0,0,0,0,0,0,0,0,0,1,0,0
비틱,0,0,0,0,0,0,0,0,0,0,1,0,0
빌어먹을,0,0,0,0,0,0,0,0,0,0,0,0,0
빠가,0,0,0,1,0,0,0,0,0,0,1,0,0
빠돼쌍,0,0,0,1,0,1,0,0,0,0,1,0,1
빨갱이,0,0,0,1,0,0,0,0,0,0,1,0,0
빨통,0,0,0,1,0,1,0,0,0,0,1,0,1
빻다,0,0,0,0,0,0,0,0,0,0,0,0,0
뻐큐,0,0,0,0,0,0,0,0,0,0,1,0,0
너 같은 새끼는 뻑큐가 최고야,0,0,0,1,0,0,0,0,0,0,0,0,0
삐꾸,0,0,0,1,0,0,0,0,0,0,1,0,0
사이버 렉카,0,0,0,0,0,0,0,0,0,1,0,0,0
사이코,0,0,0,0,0,0,0,0,0,0,0,0,0
석녀,0,1,0,0,0,0,0,0,0,0,1,0,0
설명충,0,1,0,0,0,1,0,0,0,1,1,0,0
솔개,0,0,0,0,0,0,0,0,0,0,1,0,0
수전노,0,0,0,0,0,0,0,0,0,0,1,0,0
십장생,0,0,0,0,0,0,0,0,0,0,1,0,0
쌍욕,0,0,0,1,0,0,0,0,0,0,0,0,0
썩을,0,0,0,1,0,0,0,0,0,0,1,0,0
쓰레기,0,0,0,1,0,0,0,0,0,0,1,0,0
섊,0,0,0,0,0,1,0,0,0,0,1,0,0
씹,1,0,1,1,0,1,0,0,0,0,1,0,0
씹덕,1,0,0,1,0,1,0,0,0,1,1,0,0
씹쓰레기,1,0,0,1,0,1,0,0,0,0,1,0,0
아닥,0,0,0,0,0,1,0,0,0,0,1,0,0
아다,0,0,0,0,0,0,0,0,0,0,1,0,1
애비충,0,1,0,0,0,1,0,0,0,1,1,0,0
애새끼,0,1,0,1,0,0,0,0,0,0,0,0,0
양놈,0,1,0,0,0,0,0,0,0,0,0,0,0
양반,0,0,0,0,0,0,0,0,0,0,0,0,0
역겹다,0,0,0,0,0,0,0,0,0,0,0,0,0
어저미,0,0,0,0,0,1,0,0,0,0,1,0,0
언년이,0,0,0,0,0,0,0,0,0,0,1,0,0
얼간이,0,0,0,0,0,0,0,0,0,0,0,0,0
엿,0,0,0,0,0,0,0,0,0,0,0,0,0
에라이,0,0,1,0,0,0,0,0,0,0,0,0,0
앰흑,0,0,0,0,0,1,0,0,0,0,1,0,1
엠창인생,0,0,0,0,0,1,0,0,0,1,1,0,1
옌장,0,0,0,0,0,1,0,0,0,0,1,0,0
열폭,0,0,0,0,0,1,0,0,0,0,0,0,0
오랑캐,0,0,0,0,0,0,0,0,0,0,0,0,0
오유충,0,1,0,0,0,1,0,0,0,0,1,0,1
왕따,0,0,0,1,0,0,0,0,0,0,0,0,0
왜놈,0,1,0,0,0,0,0,0,0,0,1,0,0
우라질,0,0,0,0,0,0,0,0,0,0,1,0,0
운지,0,0,0,0,0,0,0,0,0,0,1,0,1
워마드,0,0,0,0,0,0,0,0,0,0,1,0,1
육갑떨다,0,0,0,1,0,0,0,0,0,0,1,0,0
육변기,0,0,0,0,0,0,0,0,0,1,1,1,0
육시랄,0,0,0,0,0,0,0,0,0,0,1,0,0
이완용,0,0,0,0,1,0,0,0,0,0,0,0,1
일베충,0,1,0,0,1,1,0,0,0,1,1,0,1
잡종,0,0,0,0,0,0,0,0,0,0,1,0,0
장애인,0,0,0,0,0,0,0,0,0,0,0,0,0
재수가 없다,0,0,0,0,0,0,0,0,0,1,0,0,0
잼민이,0,0,0,0,0,0,0,0,0,1,1,0,0
저능아,0,0,0,0,0,0,0,0,0,1,1,0,0
전두환,0,0,0,0,1,0,0,0,0,1,1,0,0
정박아,0,0,0,0,0,1,0,0,0,0,1,0,0
정신병자,0,0,0,0,0,0,0,0,0,0,0,0,0
젖,0,0,0,0,0,0,0,0,0,0,0,1,0
젠장,0,0,0,0,0,0,0,0,0,0,0,0,0
조센징,0,0,0,0,1,0,0,0,0,1,0,0,0
좆,1,0,0,0,0,0,0,0,0,0,1,1,0
좆같다,1,0,0,0,0,0,0,0,0,0,1,1,0
좆도 아닌 새끼,0,1,0,1,1,0,0,0,0,0,1,1,0
좆간지,1,0,0,0,0,0,0,0,0,0,1,1,0
좆대가리,0,1,0,0,0,0,0,0,0,0,1,1,0
좆심,0,0,0,0,0,0,0,0,0,0,1,1,0
좆집,0,0,0,0,0,0,0,0,0,0,1,1,0
좆병신,1,1,0,0,0,0,0,0,0,0,1,0,0
쥐새끼,0,1,0,1,0,0,0,0,0,0,0,0,0
지기미,0,0,0,0,0,0,0,0,0,0,1,0,0
짜져 있어,0,0,0,0,0,0,0,0,0,0,0,0,0
쩌리,0,0,0,1,0,0,0,0,0,0,1,0,0
쫄보,0,0,0,1,0,0,0,0,0,0,0,0,0
찐찌버거,0,0,0,1,0,0,0,0,0,1,1,0,0
별창,0,1,0,0,0,1,0,0,0,0,1,1,0
천치,0,0,0,0,0,0,0,0,0,0,0,0,0
촛불좀비,0,0,0,0,0,0,0,0,0,0,1,0,0
최순실,0,0,0,0,1,0,0,0,0,0,1,0,1
충,0,1,0,0,0,0,0,0,0,0,1,0,0
철면피,0,0,0,0,0,0,0,0,0,0,1,0,0
코쟁이,0,0,0,0,0,0,0,0,0,0,1,0,0
코흘리개,0,0,0,0,0,0,0,0,0,0,1,0,0
퀴,0,0,0,0,0,1,0,0,0,0,1,0,0
토착왜구,0,0,0,0,0,0,0,0,0,0,1,0,0
통구이드립,0,0,0,0,0,0,0,0,0,0,1,0,0
튀기,0,0,0,0,0,0,0,0,0,0,1,0,0
트롤,0,0,0,0,0,0,0,0,0,0,0,0,0
파쇼,0,0,0,0,0,0,0,0,0,0,1,0,0
폐급,0,0,0,0,0,0,0,0,0,1,0,0,0
폐녀자,0,0,0,0,0,1,0,0,0,0,1,1,0
폐인 ,0,0,0,0,0,0,0,0,0,0,0,0,0
피싸개,0,0,0,1,0,0,0,0,0,0,1,1,0
허접쓰레기,0,0,0,1,0,0,0,0,0,0,1,0,0
호구,0,0,0,0,0,0,0,0,0,0,0,0,0
흑우,0,0,0,0,0,0,0,0,0,1,0,0,0
호랑말코,0,0,0,0,0,0,0,0,0,0,1,0,0
홍어,0,0,0,0,0,0,0,0,0,0,0,0,0
화냥년,0,1,0,0,0,0,0,0,0,0,1,1,0
후빨,0,0,0,1,0,1,0,0,0,0,1,1,0
흑돼지,0,0,0,0,0,0,0,0,0,0,0,0,0
개넌,1,1,0,0,0,0,0,0,0,0,1,0,0
개뇬,1,1,0,0,0,0,0,0,0,0,1,0,0
꼬추,0,0,0,1,0,0,0,0,0,0,1,1,0
늬미,0,0,0,0,0,1,0,0,0,0,1,0,0
닝기리,0,0,0,0,0,1,0,0,0,0,1,0,0
색쑤,0,0,0,1,0,0,0,0,0,0,1,1,0
색쓰,0,0,0,1,0,0,0,0,0,0,1,1,0
섹수,0,0,0,0,0,0,0,0,0,0,1,1,0
섹쑤,0,0,0,1,0,0,0,0,0,0,1,1,0
쌕수,0,0,0,1,0,0,0,0,0,0,1,1,0
쌕쑤,0,0,0,1,0,0,0,0,0,0,1,1,0
쎅수,0,0,0,0,0,0,0,0,0,0,1,1,0
쎅스,0,0,0,0,0,0,0,0,0,0,1,1,0
쎅쑤,0,0,0,1,0,0,0,0,0,0,1,1,0
쎅쓰,0,0,0,1,0,0,0,0,0,0,1,1,0
야동,0,0,0,0,0,1,0,0,0,0,0,1,0
앰창,0,0,0,0,0,1,0,0,0,0,1,1,0
에자,0,0,0,0,0,1,0,0,0,0,1,0,0
엠창,0,0,0,0,0,1,0,0,0,0,1,1,0
옘병,0,0,0,0,0,0,0,0,0,0,1,0,0
음경,0,0,0,0,0,0,0,0,0,0,0,1,0
음란,0,0,0,0,0,0,0,0,0,0,0,1,0
음모,0,0,0,0,0,0,0,0,0,0,0,1,0
음부,0,0,0,0,0,0,0,0,0,0,0,1,0
족같은,1,0,0,0,0,0,0,0,0,0,1,1,0
챵녀,0,1,0,0,0,0,0,0,0,0,1,1,0
클리토리스,0,0,0,0,0,0,0,0,0,0,0,1,0
페니스,0,0,0,0,0,0,0,0,0,0,0,1,0
쫕같네,1,0,0,1,0,0,0,0,0,0,1,1,0
씨팍,1,0,1,1,0,0,0,0,0,0,1,0,0
스발,0,0,0,0,0,0,0,0,0,0,1,0,0
양아,0,0,0,0,0,1,0,0,0,0,1,0,0
씨파,0,0,1,1,0,0,0,0,0,0,1,0,0
새대갈,1,1,0,0,0,1,0,0,0,0,1,0,0
자샤,0,0,0,0,0,0,0,0,0,0,1,0,0
씨입팔,1,0,1,1,0,0,0,0,0,0,1,0,0
좆같은,1,0,1,0,0,0,0,0,0,0,1,0,0
좆가튼,1,0,1,0,0,0,0,0,0,0,1,0,0
질알,0,0,0,0,0,0,1,0,0,0,1,0,0
씹할,1,0,1,1,0,0,0,0,0,0,1,0,0
c팔,1,0,1,0,0,0,0,0,1,0,1,0,0
씨8,1,0,1,1,0,0,0,1,0,0,1,0,0
^^ㅣ발,1,0,1,0,0,0,0,0,0,0,1,0,0
자.지,0,0,0,0,0,0,0,0,0,0,1,1,0
자// 지,0,0,0,0,0,0,0,0,0,0,1,1,0
자/지,0,0,0,0,0,0,0,0,0,0,1,1,0
자지‘,0,0,0,0,0,0,0,0,0,0,1,1,0
자지!,0,0,0,0,0,0,0,0,0,0,1,1,0
자지1,0,0,0,0,0,0,0,1,0,0,1,1,0
씨 - 17 - 팔,1,0,1,1,0,0,0,1,0,0,1,0,0
씨 팔,1,0,1,1,0,0,0,0,0,0,1,0,0
ㄸ ㅣ발,1,0,1,1,0,0,0,0,0,0,1,0,0
씹파,1,0,1,1,0,0,0,0,0,0,1,0,0
ㅆ1바,1,0,1,0,0,1,0,1,0,0,1,0,0
씨입할,1,0,1,1,0,0,1,0,0,0,1,0,0
X할,1,0,0,0,0,1,0,0,1,0,1,0,0
십하,1,0,1,0,0,0,0,0,0,0,1,0,0
c부,0,0,0,0,0,0,0,0,1,0,1,0,0
10알,0,0,1,0,0,0,0,1,0,0,1,0,0
떡걸,0,0,0,1,0,0,0,0,0,0,1,1,0
떡치기,0,0,0,1,0,0,0,0,0,0,0,1,0
로리타,0,0,0,0,0,0,0,0,0,0,1,1,0
로리타.,0,0,0,0,0,0,0,0,0,0,0,1,0
롤리타,0,0,0,0,0,0,0,0,0,0,1,1,0
광년이보지,0,0,0,0,0,0,0,0,0,0,0,1,0
바구리,0,0,0,0,0,0,0,0,0,0,1,1,0
빠걸,0,0,0,1,0,1,0,0,0,0,1,1,0
빠꾸리,0,0,0,1,0,0,0,0,0,0,1,1,0
빠라,0,0,0,1,0,0,0,0,0,0,1,1,0
빠라줘,0,0,0,1,0,0,0,0,0,0,1,1,0
빨기,0,0,0,1,0,0,0,0,0,0,0,1,0
빨어,0,0,0,1,0,0,0,0,0,0,0,1,0
빽보지,0,0,0,0,0,0,0,0,0,0,1,1,0
사까치,0,0,0,1,0,0,0,0,0,0,1,1,0
재랄,0,0,0,0,0,0,0,0,0,0,1,0,0
조루,0,0,0,0,0,0,0,0,0,0,1,1,0
호빠,0,0,0,1,0,0,0,0,0,0,1,1,0
bo지,0,0,0,0,0,0,0,0,1,0,1,1,0
보짓,0,0,0,0,0,0,0,0,0,0,1,1,0
빠굴,0,0,0,1,0,0,0,0,0,0,1,1,0
빠순이,0,0,0,1,1,0,0,0,0,0,1,0,0
뻐킹,0,0,0,0,0,0,0,0,0,0,1,0,0
구멍,0,0,0,0,0,0,0,0,0,0,0,0,0
보지빨기,0,0,0,1,0,0,0,0,0,0,0,1,0
여자따먹기,0,0,0,1,0,0,0,0,0,0,0,1,0
보지먹기,0,0,0,0,0,0,0,0,0,0,0,1,0
보지따기,0,0,0,1,0,0,0,0,0,0,0,1,0
자살,0,0,0,0,0,0,0,0,0,0,0,0,0
음독,0,0,0,0,0,0,0,0,0,0,0,0,0
청산가리,0,0,0,0,0,0,0,0,0,0,0,0,0
청산가루,0,0,0,0,0,0,0,0,0,0,0,0,0
개삽년,1,1,0,0,0,0,0,0,0,0,1,0,0
개세이,1,1,0,0,0,0,0,0,0,0,1,0,0
개쉐이,1,1,0,0,0,0,0,0,0,0,1,0,0
까자,0,0,0,1,0,0,0,0,0,0,0,0,0
니미랄,0,0,0,0,0,0,0,0,0,0,1,0,0
니에미,0,0,0,0,0,0,0,0,0,0,1,0,0
미친뇬,0,0,0,0,0,0,0,0,0,0,1,0,0
부부교환,0,0,0,0,0,0,0,0,0,0,0,1,0
빡우리,0,0,0,1,0,0,0,0,0,0,1,1,0
빡울,0,0,0,1,0,1,0,0,0,0,1,1,0
새끈,0,0,0,1,0,0,0,0,0,0,1,1,0
새끈남,0,1,0,1,1,0,0,0,0,1,1,1,0
새끈녀,0,1,0,1,1,0,0,0,0,1,1,1,0
색남,0,1,0,0,1,1,0,0,0,0,1,1,0
색폰,0,0,0,0,0,1,0,0,0,0,1,1,0
섹  스,0,0,0,0,0,0,0,0,0,0,1,1,0
섹 스,0,0,0,0,0,0,0,0,0,0,1,1,0
시파,0,0,1,0,0,0,0,0,0,0,1,0,0
십팔금,0,0,0,0,0,0,0,0,0,0,1,1,0
쌔깐,0,0,0,1,0,0,0,0,0,0,1,1,0
쌔끈,0,0,0,1,0,0,0,0,0,0,1,1,0
썅,1,0,0,1,0,0,0,0,0,0,1,0,0
썅넘,1,1,0,1,0,0,0,0,0,0,1,0,0
쒸팔,1,0,1,1,0,0,0,0,0,0,1,0,0
쒸펄,1,0,1,1,0,0,0,0,0,0,1,0,0
쓰바,1,0,1,1,0,0,0,0,0,0,1,0,0
씌팍,1,0,1,1,0,0,0,0,0,0,1,0,0
씨바,1,0,1,1,0,0,0,0,0,0,1,0,0
씨발넘,1,1,1,1,1,0,0,0,0,0,1,0,0
씨발놈,1,1,1,1,1,0,0,0,0,0,1,0,0
씨발뇬,1,1,1,1,1,0,0,0,0,0,1,0,0
씨방,1,0,1,1,0,0,0,0,0,0,1,0,0
씨버럴,0,0,1,1,0,0,1,0,0,0,1,0,0
씨보랄,1,0,1,1,0,0,0,0,0,0,1,0,0
씨보럴,1,0,1,1,0,0,0,0,0,0,1,0,0
씨부리,1,0,1,1,0,0,0,0,0,0,1,0,0
씨브랄,1,0,1,1,0,0,0,0,0,0,1,0,0
씹색,1,1,1,1,0,1,0,0,0,0,1,1,0
씹세이,1,1,0,1,1,0,0,0,0,0,1,0,0
씹쉐,1,1,1,1,0,1,0,0,0,0,1,0,0
씹쉐이,1,1,1,1,1,0,0,0,0,0,1,0,0
씹쌔,1,1,1,1,0,1,0,0,0,0,1,0,0
씹쌔기,1,1,1,1,1,0,0,0,0,0,1,0,0
씹탱구리,1,0,1,1,0,0,0,0,0,0,1,0,0
씹펄,1,0,1,1,0,0,0,0,0,0,1,0,0
젖탱,0,0,0,0,0,0,0,0,0,0,1,1,0
젼나,0,0,1,0,0,0,0,0,0,0,1,0,0
좃,0,0,0,0,0,0,0,0,0,0,1,1,0
좃나,0,0,0,0,0,0,0,0,0,0,1,1,0
좃나게,0,0,0,0,0,0,0,0,0,0,1,1,0
좆꼴리,1,0,0,1,0,0,0,0,0,0,1,1,0
좆나게,0,0,0,0,0,0,0,0,0,0,1,1,0
좆빠,0,0,0,1,0,1,0,0,0,0,1,1,0
좇,1,0,0,0,0,0,0,0,0,0,1,1,0
좇같,1,0,0,0,0,0,0,0,0,0,1,1,0
좇꼴려,1,0,0,1,0,0,0,0,0,0,1,1,0
좇꼴리,1,0,0,1,0,0,0,0,0,0,1,1,0
좇빠,0,0,0,1,0,1,0,0,0,0,1,1,0
지미랄,0,0,0,0,0,1,0,0,0,0,1,0,0
si파,1,0,1,0,0,0,0,0,1,0,1,0,0
씨빡,1,0,1,1,0,0,0,0,0,0,1,0,0
씨풀,1,0,0,1,0,0,0,0,0,0,1,0,0
거렁뱅이,0,0,0,0,1,0,0,0,0,0,1,0,0
괴뢰군,0,0,0,0,0,0,0,0,0,0,1,0,0
제길,0,0,0,0,0,0,0,0,0,0,1,0,0
짱꼴라,0,0,0,1,1,0,0,0,0,1,1,0,0
추녀,0,1,0,0,0,0,0,0,0,0,1,0,0
한남충,0,1,0,0,1,0,0,0,0,1,1,0,1
한녀충,0,1,0,0,1,0,0,0,0,1,1,0,1
개씹,1,0,1,1,0,0,0,0,0,0,1,0,0
거지새끼,0,1,0,1,0,0,0,0,0,0,0,0,0
광녀,0,1,0,0,1,0,0,0,0,0,0,0,0
광년이,0,0,0,0,1,0,0,0,0,0,1,0,0
괴뢰,0,0,0,0,0,0,0,0,0,0,1,0,0
근첩,0,0,0,0,0,0,0,0,0,0,1,0,0
급식,0,0,0,0,0,0,0,0,0,0,1,0,0
김치녀,0,1,0,0,1,0,0,0,0,1,1,0,1
김치짓,0,1,0,0,0,0,0,0,0,1,1,0,1
너검엄빠,0,0,0,1,1,0,0,0,0,0,1,0,0
년,0,1,0,0,0,0,0,0,0,0,0,0,0
놈,0,1,0,0,0,0,0,0,0,0,0,0,0
느개비,0,0,0,0,0,1,0,0,0,0,1,0,0
느금마,0,0,0,0,1,1,0,0,0,0,1,0,0
니미씨발,0,0,0,1,0,1,0,0,0,0,1,0,0
돌아이,0,0,0,0,0,0,0,0,0,0,0,0,0
돼지,0,0,0,0,0,0,0,0,0,0,0,0,0
돼지새끼,0,1,0,1,0,0,0,0,0,0,0,0,0
띠바,1,0,0,1,0,0,0,0,0,0,1,0,0
띠이바,1,0,1,1,0,0,1,0,0,0,1,0,0
띠이발,1,0,1,1,0,0,1,0,0,0,1,0,0
띠퍼,1,0,1,1,0,1,0,0,0,0,1,0,0
띱할,1,0,1,1,0,0,0,0,0,0,1,0,0
띱헐,1,0,1,1,0,0,0,0,0,0,1,0,0
박쥐,0,0,0,0,0,0,0,0,0,0,0,0,0
박쥐같은새끼,0,1,0,1,1,0,0,0,0,1,0,0,0
박쥐짓,0,1,0,0,0,0,0,0,0,0,0,0,0
버러지,0,0,0,0,0,0,0,0,0,0,1,0,0
벌레,0,0,0,0,0,0,0,0,0,0,0,0,0
변태,0,0,0,0,0,0,0,0,0,0,0,1,0
변태새끼,0,1,0,1,0,0,0,0,0,0,0,1,0
부랄.,0,0,0,0,0,0,0,0,0,0,0,1,0
ㅅ ㅅ ㅣ팔,1,0,1,1,0,0,0,0,0,0,1,0,0
ㅅ1발,1,0,1,0,0,1,0,1,0,0,1,0,0
ㅅㅂ,1,0,1,0,0,1,0,0,0,0,1,0,0
ㅅㅅㅣㅂㅏ,1,0,1,1,0,1,0,0,0,0,1,0,0
ㅅㅍ,1,0,1,0,0,1,0,0,0,0,1,0,0
ㅅㅣㅂㅏ,1,0,1,0,0,0,0,0,0,0,1,0,0
삼성빠돌이,0,1,0,0,0,0,0,0,0,1,1,0,1
삼엽충,0,1,0,0,0,0,0,0,0,1,1,0,0
상폐녀,0,1,0,0,0,0,0,0,0,1,1,0,0
상폐년,0,1,0,0,0,0,0,0,0,1,1,0,0
상폐놈,0,1,0,0,0,0,0,0,0,1,1,0,0
쉬28,1,0,0,0,0,0,0,1,0,0,1,0,0
쉬이바,1,0,1,0,0,0,1,0,0,0,1,0,0
쉽8,1,0,1,0,0,0,0,1,0,0,1,0,0
스팔,1,0,1,0,0,0,0,0,0,0,1,0,0
싀팔,1,0,1,0,0,0,0,0,0,0,1,0,0
시28,1,0,1,0,0,0,0,1,0,0,1,0,0
시밮,1,0,1,0,0,0,0,0,0,0,1,0,0
시부랄,1,0,1,0,0,0,0,0,0,0,1,1,0
시빨,1,0,1,0,0,0,0,0,0,0,1,0,0
시이빡,1,0,1,0,0,0,1,0,0,0,1,0,0
시팍,1,0,1,0,0,0,0,0,0,0,1,0,0
식팔,1,0,1,0,0,0,0,0,0,0,1,0,0
십할,1,0,1,0,0,0,0,0,0,0,1,0,0
십헐,1,0,1,0,0,0,0,0,0,0,1,0,0
싶펄,1,0,1,0,0,0,0,0,0,0,1,0,0
ㅆㅣㅍㅏ,1,0,1,1,0,0,0,0,0,0,1,0,0
ㅆㅣ파,1,0,1,1,0,0,0,0,0,0,1,0,0
ㅆㅣ팔,1,0,1,1,0,0,0,0,0,0,1,0,0
싸가지가없다,0,0,0,1,0,0,0,0,0,0,1,0,0
싹바가지,1,0,0,1,0,0,0,0,0,0,1,0,0
싹퉁바가지,1,0,0,1,1,0,0,0,0,0,1,0,0
쌍노무새끼,1,1,0,1,1,0,0,0,0,0,1,0,0
쑤팔,1,0,1,1,0,0,0,0,0,0,1,0,0
쑤펄,1,0,1,1,0,0,0,0,0,0,1,0,0
쒸펠,1,0,1,1,0,0,0,0,0,0,1,0,0
쒸폴,1,0,1,1,0,0,0,0,0,0,1,0,0
쒸풀,1,0,1,1,0,0,0,0,0,0,1,0,0
씁파,1,0,1,1,0,0,0,0,0,0,1,0,0
씝할,1,0,1,1,0,0,0,0,0,0,1,0,0
씨28,1,0,1,1,0,0,0,1,0,0,1,0,0
씨댕,1,0,1,1,0,0,0,0,0,0,1,0,0
씨박,1,0,1,1,0,0,0,0,0,0,1,0,0
씨밤,1,0,1,1,0,0,0,0,0,0,1,0,0
씨방년,1,1,0,1,1,0,0,0,0,0,1,0,0
씨방놈,1,1,0,1,1,0,0,0,0,0,1,0,0
씨방짭새,1,0,0,1,1,0,0,0,0,0,1,0,0
씨밮,1,0,1,1,0,0,0,0,0,0,1,0,0
씨뱔,1,0,1,1,0,0,0,0,0,0,1,0,0
씨버,1,0,1,1,0,0,0,0,0,0,1,0,0
씨벌탱,1,0,1,1,0,0,0,0,0,0,1,0,0
씨벨,1,0,1,1,0,0,0,0,0,0,1,0,0
씨봘,1,0,1,1,0,0,0,0,0,0,1,0,0
씨부,1,0,1,1,0,0,0,0,0,0,1,0,0
씨빠,0,0,1,1,0,0,0,0,0,0,1,0,0
씨ㅍㅏ,1,0,1,1,0,0,0,0,0,0,1,0,0
씨파알,1,0,1,1,0,0,0,0,0,0,1,0,0
씨팡,1,0,1,1,0,0,0,0,0,0,1,0,0
씨퍌,1,0,1,1,0,0,0,0,0,0,1,0,0
씨할,1,0,1,1,0,0,0,0,0,0,1,0,0
씹8,1,0,1,1,0,0,0,1,0,0,1,0,0
씹빠,1,0,1,1,0,0,0,0,0,0,1,0,0
씹치남,1,1,0,1,1,1,0,0,0,1,1,0,1
씹치녀,1,1,0,1,1,1,0,0,0,1,1,0,1
애미 뒤진 년,0,1,0,0,1,1,0,0,0,1,1,0,0
애미 터진 새끼,0,1,0,1,1,1,0,0,0,1,1,0,0
애비 뒤진 년,0,1,0,0,1,1,0,0,0,1,1,0,0
애비 터진 새끼,0,1,0,1,1,1,0,0,0,1,1,0,0
제기랄,0,0,1,0,0,1,0,0,0,0,1,0,0
존만이,0,0,0,0,0,0,0,0,0,1,1,0,0
좆만이,0,0,0,0,0,0,0,0,0,1,1,1,0
좆만한 새끼,0,1,0,1,1,0,0,0,0,1,1,1,0
좆만한게,0,0,0,0,0,0,0,0,0,0,1,1,0
짱깨,0,0,0,1,1,0,0,0,0,1,0,0,0
쪽바리,0,0,0,1,1,0,0,0,0,1,1,0,0
쪽발이,0,0,0,1,1,0,0,0,0,0,1,0,0
찌랭이,0,0,0,1,1,0,0,0,0,0,1,0,0
찐,1,0,0,1,0,1,0,0,0,0,1,0,0
창놈,0,1,0,0,0,0,0,0,0,0,1,1,0
추남,0,1,0,0,0,0,0,0,0,0,1,0,0
틀,0,0,0,0,0,1,0,0,0,0,0,0,0
틀딱,0,0,0,1,1,1,0,0,0,0,1,0,0
한남,0,1,0,0,1,1,0,0,0,1,1,0,1
한녀,0,1,0,0,1,1,0,0,0,1,1,0,1
후레자식,0,1,0,0,1,0,0,0,0,0,1,0,1
ㅆ ㅣ바 ㄹ,1,0,1,1,0,1,0,0,0,0,1,0,0
ㅆ ㅣ발,1,0,1,1,0,0,0,0,0,0,1,0,0
ㅆ ㅣ벌,1,0,1,1,0,0,0,0,0,0,1,0,0
땡중,0,0,0,1,0,0,0,0,0,0,1,0,0
육갑하다,0,0,0,0,0,0,0,0,0,0,0,0,0
허섭스레기,0,0,0,0,0,0,0,0,0,0,1,0,0
띄발,1,0,1,1,0,0,0,0,0,0,1,0,0
쉬벨,1,0,1,0,0,0,0,0,0,0,1,0,0
쉬블,1,0,1,0,0,0,0,0,0,0,1,0,0